head	1.1;
access;
symbols;
locks; strict;
comment	@# @;


1.1
date	2001.04.10.17.03.58;	author fasano;	state Exp;
branches;
next	;


desc
@@


1.1
log
@New data gars data files
@
text
@000K7907             3        7         2          2          0         1
002K0490             1        0         1          1          0         1
002K4785            30       10        15         15          0         1
002K6539             0        0         0          0          1         1
002K7007             4        8         2          2          0         1
002K7011             0        0         0          0          0         1
005K3117             0       20         0          0          0         1
005K3132             0        0         0          0          0         1
005K3148            10        0         5          5          0         1
005K3172             0        0         0          0          0         1
005K3174             1        0         1          1          0         1
005K3176             0        1         0          0          0         1
005K3468            20       10        10         10          0         1
005K3469             2        1         1          1          0         1
005K3597             0        0         0          0          1         1
005K4826           160        0        80         80          0         1
005K4830            20        3        10         10          0         1
005K8874            15        3         8          8          0         1
005K9267             1        0         1          1          0         1
005K9398             3        0         2          2          0         1
006H2968             1        0         1          1          0         1
006H3862             0        0         0          0          0         1
006H4003             3        1         2          2          0         1
006H7654             1        0         1          1          0         1
006H8419             1        0         1          1          0         1
006H8825            20        4        10         10          0         1
006H9063             1        0         1          1          0         1
006H9064            12        3         6          6          0         1
007H0017             1        0         1          1          0         1
007H0383             1        0         1          1          0         1
007H1150            20       10        10         10          0         1
010H4056             2        1         1          1          0         1
010L1668             1        0         1          1          0         1
010L1700             0        3         0          0          0         1
010L1719             1        0         1          1          0         1
010L1721             7        2         4          4          0         1
010L2047           250        0       125        125          0         1
010L2158             0       40         0          0          0         1
011H9623             4        0         2          2          0         1
011J8912            20        0        10         10          0         1
011J9623             1        0         1          1          0         1
011J9626            30        0        15         15          0         1
011J9992             0        0         0          0          0         1
012J0115            20        0        10         10          0         1
012J0138             4        0         2          2          0         1
012J1446             0        0         0          0          0         1
012J1497             2        0         1          1          0         1
012J4569           400        0       200        200          0         1
012J5554             1        0         1          1          0         1
029H9205             4        0         2          2          0         1
029H9220             0       20         0          0          0         1
029H9221            15        0         8          8          0         1
029H9226             0        0         0          0          0         1
029H9228             0        0         0          0          0         1
029H9230             0       14         0          0          0         1
029H9232             0       12         0          0          0         1
029H9367             0        1         0          0          0         1
030L2898             0        0         0          0          0         1
039H6228            20        0        10         10          0         1
042H2767             0        0         0          0          0         1
042H2768            12        0         6          6          0         1
042H2769            12        0         6          6          0         1
042H2779            12        0         6          6          0         1
042H2817             0        0         0          0          0         1
045H8791             0       20         0          0          0         1
046H5725             0       15         0          0          0         1
046H5735             0        0         0          0          0         1
046H5750          1000       22       500        500          0         1
046H5751             0        0         0          0          0         1
046H5768             7        0         4          4          0         1
046H5771            22       13        11         11          0         1
046H5775             3        0         2          2          0         1
046H5776             6        3         3          3          0         1
060H9453             0        3         0          0          0         1
066G5069             1        0         1          1          0         1
073H6427            13       13         7          7          0         1
073H6430             0       23         0          0          0         1
073H9933          1000        0       500        500          0         1
073H9946             2        0         1          1          0         1
073H9951             0        2         0          0          0         1
075H7497             0        0         0          0          0         1
075H9601             0        0         0          0          0         1
076H4609            13       57         7          7          0         1
082H8489            11        0         6          6          0         1
082H8496            13        0         7          7          0         1
082H8875             1        0         1          1          0         1
082H8877             0       31         0          0          0         1
082H8897             9        0         5          5          0         1
083H5375            13        2         7          7          0         1
083H5378             2       67         1          1          0         1
083H7126             0        3         0          0          0         1
085G6701             0        0         0          0          0         1
088G4270             5        5         3          3          0         1
092G7245             1        0         1          1          0         1
092G7294             0        0         0          0          0         1
092G7319             0        0         0          0          0         1
092G7321             3       16         2          2          0         1
092G7323             0       13         0          0          0         1
093F2361           270      265       135        135          0         1
093H4690            33       12        17         17          0         1
093H5966             3        0         2          2          0         1
096G3573            13        0         7          7          0         1
096G3576            19        0        10         10          0         1
097H3388            21        0        11         11          0         1
097H5504           200        0       100        100          0         1
@
