head	1.1;
access;
symbols;
locks; strict;
comment	@# @;


1.1
date	2001.04.10.17.03.58;	author fasano;	state Exp;
branches;
next	;


desc
@@


1.1
log
@New data gars data files
@
text
@002K0486                3             2                1
002K1127                0             0                0
002K3418                0             0                0
002K6539                0             0                0
002K6555                1             0                0
002K7007                0             0                0
002K7011                1             1                0
004G2237                3             2                1
004H6829                0             0                0
004H8329                1             0                0
004H8331                0             0                0
004H8347               10             6                4
005G3148                0             0                0
005K3112                0             0                0
005K3117                5             3                2
005K3148                1             1                0
005K3170                2             1                1
005K3468               55            33               22
005K3469               57            34               23
005K3593                0             0                0
005K3594                0             0                0
005K4830               42            25               17
005K9398                2             1                1
005L6024                0             0                0
005L6027                0             0                0
006H2096                0             0                0
006H2968               33            20               13
006H3862                2             1                1
006H4003                0             0                0
006H4008                9             6                4
006H9063                1             0                0
006H9064                0             0                0
006H9411                1             1                0
006H9431                0             0                0
007H0147                0             0                0
010G6129                3             2                1
010L0930                2             1                1
010L1161                0             0                0
010L1230                2             1                1
010L1700                2             1                1
010L1719                1             0                0
010L1721                9             5                4
010L2158                1             0                0
    1035807             0             0                0
011H9622                0             0                0
011H9624                0             0                0
011H9625                7             4                3
011J8625                0             0                0
011J9632                0             0                0
011J9673                0             0                0
012J0115                6             3                2
012J0408                1             1                0
012J0409                0             0                0
012J0425                0             0                0
012J0427                0             0                0
012J3123                0             0                0
013H8923                0             0                0
    1616312             0             0                0
    1616699             0             0                0
    1616800             0             0                0
017G1909                5             3                2
019H9900               18            11                7
021F4188                2             1                1
021H4093                0             0                0
022L0016                0             0                0
022L0059                0             0                0
    2453201             0             0                0
    2453997             0             0                0
    2462208             0             0                0
    2462216             0             0                0
025F6520                2             1                1
025F8384                0             0                0
025F8628                4             2                2
027H1102               11             6                4
027H1145                0             0                0
027L3575                0             0                0
027L3577                0             0                0
027L3711                0             0                0
027L3767                0             0                0
    2773772             0             0                0
028L1593                1             1                0
029H9198                0             0                0
029H9205               24            14               10
029H9207                3             2                1
029H9220               13             8                5
029H9221              120            72               48
029H9366                0             0                0
030L2527                0             0                0
030L2898                1             0                0
033G6004                0             0                0
034H8946                1             0                0
034H8958                1             0                0
034H8960                0             0                0
039F6365               10             6                4
039F8993                1             1                0
039G6265                0             0                0
039H2220                0             0                0
039H6226                5             3                2
039H6228                5             3                2
039H7040                0             0                0
040H4760                0             0                0
041H7180                2             1                1
041H7188               18            11                7
042H0040                2             1                1
042H1426                0             0                0
042H2767                1             0                0
042H2768                0             0                0
042H2779                0             0                0
042H2819                7             4                3
    4432279             3             2                1
046H4144                0             0                0
046H5318                1             1                0
046H5749                0             0                0
046H5750               34            21               14
046H5751                0             0                0
046H5771               18            11                7
046H5775               16             9                6
046H5776               16            10                6
046H7860                0             0                0
048G7170                0             0                0
    4842383             0             0                0
049G5420                0             0                0
049G5443               27            16               11
057F8024                0             0                0
057F8031                0             0                0
057F8054                0             0                0
059H4815                0             0                0
060H7823                0             0                0
061X4651                0             0                0
    6369809             1             0                0
064F3606                0             0                0
064F3607                0             0                0
    6494911             0             0                0
065G9714                0             0                0
066F1405                1             0                0
066G5037                4             3                2
066G5038                0             0                0
066G5044                2             1                1
066G5066                1             1                0
066G5068                0             0                0
066G6209                0             0                0
066G9242                2             1                1
067G5070                0             0                0
069H7913               24            15               10
069H7914               23            14                9
069H7961               25            15               10
070F9976                0             0                0
070H6322                0             0                0
071F1378                0             0                0
073G3233                0             0                0
073H1513                0             0                0
075H9227                1             0                0
075H9601                0             0                0
075H9746                0             0                0
075H9921                0             0                0
076H0955                0             0                0
076H0958                0             0                0
076H0963                1             0                0
076H0964                0             0                0
081F9025                4             2                1
082G2397                3             2                1
082G5928                0             0                0
082G5929                0             0                0
082H8875               13             8                5
    8264168             0             0                0
083H5375               23            14                9
083H5378                7             4                3
083H7090                0             0                0
083H7102                0             0                0
083H7108                0             0                0
083H7124                4             2                1
084G4288                2             1                1
084G4329                2             1                1
084G5632                2             1                1
084G5896                0             0                0
085F0063                0             0                0
085G1140                1             1                1
085G1141                0             0                0
085G1495                2             1                1
085G1500                1             0                0
085G1503                3             2                1
085G8505                0             0                0
085G8507                0             0                0
085G8550                6             4                3
085G8551               12             7                5
091F1009                0             0                0
092F0098                1             1                0
092F0411                3             2                1
092F0428                0             0                0
092F5932                0             0                0
092G7247                1             1                1
092G7256                1             1                1
092G7279                1             0                0
092G7282                0             0                0
092G7294                0             0                0
092G7542                0             0                0
092G9611                0             0                0
092X3222                1             0                0
092X3293                2             1                1
092X3294                2             1                1
092X3296                0             0                0
092X7240                2             1                1
092X7255                0             0                0
092X7320                0             0                0
092X7353                0             0                0
092X7477                0             0                0
092X7479                1             1                0
093F2361                0             0                0
093G2970                0             0                0
093G2974                1             1                0
093H4603                0             0                0
093H4690                0             0                0
095F4704                2             1                1
096X5042                5             3                2
096X6319                1             1                1
097H3388                8             5                3
097H5500                0             0                0
097H5504                0             0                0
099F9500                3             2                1
099F9502                2             1                1
099F9538               16             9                6
099F9544                7             4                3
099F9740               14             9                6
@
