head	1.1;
access;
symbols;
locks; strict;
comment	@# @;


1.1
date	2001.04.10.17.03.57;	author fasano;	state Exp;
branches;
next	;


desc
@@


1.1
log
@New data gars data files
@
text
@097H5506       147.639     73.8195         66.43755
097H5504       146.231     73.1155         65.80395
097H5502       118.667     59.3335         53.40015
097H3918        29.391     14.6955         13.22595
097H3917         5.526       2.763           2.4867
097H3449         6.805      3.4025          3.06225
097H3388        53.071     26.5355         23.88195
096G3576       168.728      84.364          75.9276
096G3573       274.675    137.3375         123.6038
094X1540             5         2.5             2.25
093H5966       164.565     82.2825         74.05425
093H5686        80.909     40.4545         36.40905
093H4690       182.363     91.1815         82.06335
093F2366          11.2         5.6             5.04
093F2362         68.77      34.385          30.9465
093F2361        22.736      11.368          10.2312
092G7432         8.125      4.0625          3.65625
092G7325        61.032      30.516          27.4644
092G7323        36.378      18.189          16.3701
092G7321            18           9              8.1
092G7319        16.637      8.3185          7.48665
092G7295        98.669     49.3345         44.40105
092G7294        44.715     22.3575         20.12175
092G7249        69.067     34.5335         31.08015
092G7247        41.657     20.8285         18.74565
092G7245        52.778      26.389          23.7501
088G4270           395       197.5           177.75
085G6701        35.758      17.879          16.0911
085G1897        13.465      6.7325          6.05925
085G1531        17.129      8.5645          7.70805
085G1530        61.513     30.7565         27.68085
085G1529        75.419     37.7095         33.93855
084G6474        12.179      6.0895          5.48055
084G6292          39.6        19.8            17.82
084G6285       103.175     51.5875         46.42875
084G4359          45.7       22.85           20.565
084G2532        40.625     20.3125         18.28125
084G2531        24.326      12.163          10.9467
084G2530         100.6        50.3            45.27
084G2529        89.133     44.5665         40.10985
084G1321        56.238      28.119          25.3071
084G1320           142          71             63.9
084G1304        36.569     18.2845         16.45605
084G1303        19.778       9.889           8.9001
083H7126        64.943     32.4715         29.22435
083H7124        18.954       9.477           8.5293
083H7080           407       203.5           183.15
083H6527         6.755      3.3775          3.03975
083H6523         5.017      2.5085          2.25765
083H5378        41.601     20.8005         18.72045
083H5375        42.869     21.4345         19.29105
082H8966         5.358       2.679           2.4111
082H8897        464.84      232.42          209.178
082H8894       116.449     58.2245         52.40205
082H8893        33.922      16.961          15.2649
082H8891         29.14       14.57           13.113
082H8877           334         167            150.3
082H8875       202.034     101.017          90.9153
082H8496       415.819    207.9095         187.1186
082H8489        235.87     117.935         106.1415
082H5509        12.042       6.021           5.4189
082H5508          9.47       4.735           4.2615
082G5932       191.482      95.741          86.1669
082G5929        211.08      105.54           94.986
082G5927       130.388      65.194          58.6746
082G4982        13.934       6.967           6.2703
082G3294            45        22.5            20.25
082G3280        41.439     20.7195         18.64755
082G1887        83.895     41.9475         37.75275
081G4632        101.76       50.88           45.792
080G4588        41.147     20.5735         18.51615
077H9765        49.071     24.5355         22.08195
076H7117       114.638      57.319          51.5871
076H5856            18           9              8.1
076H4609       332.571    166.2855          149.657
076H3658         7.167      3.5835          3.22515
076H3532         5.029      2.5145          2.26305
076H3528        11.063      5.5315          4.97835
076H3526         5.194       2.597           2.3373
076H3522         9.702       4.851           4.3659
076H3520            37        18.5            16.65
076H3514          7.58        3.79            3.411
076H2735         80.09      40.045          36.0405
076H1572        15.444       7.722           6.9498
076H0961       235.396     117.698         105.9282
075H9601        45.228      22.614          20.3526
075H9509        16.468       8.234           7.4106
075H9507        10.953      5.4765          4.92885
075H9505         9.094       4.547           4.0923
075H7986       109.096      54.548          49.0932
075H7497       111.038      55.519          49.9671
074H8446        93.001     46.5005         41.85045
074H4609        90.792      45.396          40.8564
073H9951        48.337     24.1685         21.75165
073H9950        13.181      6.5905          5.93145
073H9948        15.215      7.6075          6.84675
073H9947        16.055      8.0275          7.22475
073H9946          7.59       3.795           3.4155
073H9944       254.953    127.4765         114.7289
073H9941        16.015      8.0075          7.20675
073H9940        17.938       8.969           8.0721
073H9935         6.578       3.289           2.9601
073H9933       101.413     50.7065         45.63585
073H9927         8.773      4.3865          3.94785
073H9919        28.389     14.1945         12.77505
073H6430       323.667    161.8335         145.6502
073H6427           170          85             76.5
073H6419           250         125            112.5
071G4642         35.93      17.965          16.1685
071G4640        24.837     12.4185         11.17665
071G4620          35.7       17.85           16.065
069H8389         7.691      3.8455          3.46095
066G7871        14.635      7.3175          6.58575
066G5180         5.089      2.5445          2.29005
066G5069        32.959     16.4795         14.83155
066G1246          6.56        3.28            2.952
060H9453       179.584      89.792          80.8128
060G2900        42.645     21.3225         19.19025
059G1067         34.67      17.335          15.6015
059G1066        33.836      16.918          15.2262
059G1045         48.89      24.445          22.0005
059G1044            40          20               18
059G1042         37.67      18.835          16.9515
059G1041         38.27      19.135          17.2215
058G4386         48.17      24.085          21.6765
058G4348          24.8        12.4            11.16
058G4347             9         4.5             4.05
058G4346            40          20               18
058G4345             8           4              3.6
058G4343         8.115      4.0575          3.65175
058G4336         24.75      12.375          11.1375
058G4335          44.2        22.1            19.89
058G4334             8           4              3.6
058G4333          5.79       2.895           2.6055
058G4332         6.624       3.312           2.9808
055H8617       129.562      64.781          58.3029
054G0444        15.818       7.909           7.1181
054F0717            78          39             35.1
054F0693         37.75      18.875          16.9875
046H6044        23.779     11.8895         10.70055
046H6043        44.441     22.2205         19.99845
046H6031        10.472       5.236           4.7124
046H6028         9.453      4.7265          4.25385
046H5889         8.593      4.2965          3.86685
046H5796        83.177     41.5885         37.42965
046H5795        85.583     42.7915         38.51235
046H5786        155.02       77.51           69.759
046H5779        87.312      43.656          39.2904
046H5776        41.351     20.6755         18.60795
046H5775        48.049     24.0245         21.62205
046H5771       197.464      98.732          88.8588
046H5768        67.317     33.6585         30.29265
046H5756        24.306      12.153          10.9377
046H5755            40          20               18
046H5754        25.433     12.7165         11.44485
046H5751        10.576       5.288           4.7592
046H5750        42.772      21.386          19.2474
046H5749        20.829     10.4145          9.37305
046H5738        54.806      27.403          24.6627
046H5737        25.604      12.802          11.5218
046H5736        33.529     16.7645         15.08805
046H5735        749.62      374.81          337.329
046H5726        28.883     14.4415         12.99735
046H5725       428.219    214.1095         192.6986
046H5720        61.861     30.9305         27.83745
046H5718       136.121     68.0605         61.25445
046H5717        140.82       70.41           63.369
046H5715         9.021      4.5105          4.05945
046H5714         8.239      4.1195          3.70755
046H5712        28.881     14.4405         12.99645
046H5711        29.465     14.7325         13.25925
046H5710        27.667     13.8335         12.45015
046H5600        20.833     10.4165          9.37485
046H5599        44.254      22.127          19.9143
046H5497         8.151      4.0755          3.66795
046H5452        15.836       7.918           7.1262
046H4164        15.535      7.7675          6.99075
046H4134         7.796       3.898           3.5082
045H8791        202.99     101.495          91.3455
043G3416         75.39      37.695          33.9255
043G3414        84.305     42.1525         37.93725
042H2817         88.34       44.17           39.753
042H2786        47.273     23.6365         21.27285
042H2785        38.878      19.439          17.4951
042H2784        161.46       80.73           72.657
042H2781        16.798       8.399           7.5591
042H2780       118.481     59.2405         53.31645
042H2779        77.776      38.888          34.9992
042H2770         7.781      3.8905          3.50145
042H2769         58.75      29.375          26.4375
042H2768        31.684      15.842          14.2578
042H2767        56.257     28.1285         25.31565
042H1296        42.421     21.2105         19.08945
039H7032        14.319      7.1595          6.44355
039H7006          8.85       4.425           3.9825
039H7005        19.458       9.729           8.7561
039H7003         5.092       2.546           2.2914
039H6252        23.286      11.643          10.4787
039H6248        42.547     21.2735         19.14615
039H6233        61.944      30.972          27.8748
039H6228         75.87      37.935          34.1415
039H6226        64.295     32.1475         28.93275
037L5765       209.744     104.872          94.3848
037L5761       155.346      77.673          69.9057
037L2548        16.923      8.4615          7.61535
037L2547         14.99       7.495           6.7455
037L2539          5.75       2.875           2.5875
037L2516        16.911      8.4555          7.60995
037L2514         6.219      3.1095          2.79855
036L8810       125.403     62.7015         56.43135
036L8673       104.636      52.318          47.0862
035G4703         75.17      37.585          33.8265
030L2898       667.728     333.864         300.4776
030H2312        19.478       9.739           8.7651
029H9415       116.316      58.158          52.3422
029H9414       119.583     59.7915         53.81235
029H9413       131.117     65.5585         59.00265
029H9403         30.74       15.37           13.833
029H9402          24.5       12.25           11.025
029H9399        30.349     15.1745         13.65705
029H9397         31.85      15.925          14.3325
029H9396            34          17             15.3
029H9395        94.843     47.4215         42.67935
029H9372       112.739     56.3695         50.73255
029H9367       219.171    109.5855         98.62695
029H9352         58.48       29.24           26.316
029H9295        30.207     15.1035         13.59315
029H9294         5.405      2.7025          2.43225
029H9293            35        17.5            15.75
029H9292            35        17.5            15.75
029H9288       218.765    109.3825         98.44425
029H9269         8.654       4.327           3.8943
029H9232       103.079     51.5395         46.38555
029H9230        42.934      21.467          19.3203
029H9228       216.847    108.4235         97.58115
029H9226       544.782     272.391         245.1519
029H9222         5.739      2.8695          2.58255
029H9221        31.355     15.6775         14.10975
029H9220            69        34.5            31.05
029H9218          5.61       2.805           2.5245
029H9215          6.25       3.125           2.8125
029H9214         5.877      2.9385          2.64465
029H9206          5.92        2.96            2.664
029H9205        85.406      42.703          38.4327
029H9202        11.192       5.596           5.0364
027L3664       431.818     215.909         194.3181
027L3575        62.338      31.169          28.0521
025H6648       119.288      59.644          53.6796
022L0004        171.19      85.595          77.0355
020L1922        85.492      42.746          38.4714
020L0242        72.167     36.0835         32.47515
014F0033           6.5        3.25            2.925
014F0015          5.73       2.865           2.5785
013H5279        44.676      22.338          20.1042
013H5276         7.975      3.9875          3.58875
013H5267         5.914       2.957           2.6613
013F9997         5.625      2.8125          2.53125
013F9979            15         7.5             6.75
012J5554        18.983      9.4915          8.54235
012J4569       206.667    103.3335         93.00015
012J3141       119.118      59.559          53.6031
012J2758       110.814      55.407          49.8663
012J2480       106.223     53.1115         47.80035
012J2170         7.646       3.823           3.4407
012J1711         7.363      3.6815          3.31335
012J1601        15.652       7.826           7.0434
012J1600       410.235    205.1175         184.6058
012J1572        18.719      9.3595          8.42355
012J1571        17.724       8.862           7.9758
012J1519        82.649     41.3245         37.19205
012J1518        74.333     37.1665         33.44985
012J1517       101.714      50.857          45.7713
012J1516        26.246      13.123          11.8107
012J1515        26.971     13.4855         12.13695
012J1513        119.62       59.81           53.829
012J1511        73.379     36.6895         33.02055
012J1510          33.9       16.95           15.255
012J1509         99.32       49.66           44.694
012J1506        48.857     24.4285         21.98565
012J1504        77.333     38.6665         34.79985
012J1503        77.529     38.7645         34.88805
012J1501        51.286      25.643          23.0787
012J1499            72          36             32.4
012J1498        44.194      22.097          19.8873
012J1497        28.524      14.262          12.8358
012J1446        25.858      12.929          11.6361
012J0140         7.783      3.8915          3.50235
012J0139        13.726       6.863           6.1767
012J0138       221.566     110.783          99.7047
012J0115        83.252      41.626          37.4634
011J9992        25.976      12.988          11.6892
011J9991        24.242      12.121          10.9089
011J9629        17.467      8.7335          7.86015
011J9626       400.795    200.3975         180.3578
011J9623       541.443    270.7215         243.6494
011J9622        13.071      6.5355          5.88195
011J9003        60.179     30.0895         27.08055
011J9000       146.917     73.4585         66.11265
011J8974        28.722      14.361          12.9249
011J8917        14.265      7.1325          6.41925
011J8912           279       139.5           125.55
011J8860        18.365      9.1825          8.26425
011J8823       129.996      64.998          58.4982
011J8338        28.711     14.3555         12.91995
011H9625         21.19      10.595           9.5355
011H9624         9.582       4.791           4.3119
011H9623       223.737    111.8685         100.6817
010L6074       201.667    100.8335         90.75015
010L2226        29.075     14.5375         13.08375
010L2158        59.642      29.821          26.8389
010L2047        15.997      7.9985          7.19865
010L2028         5.601      2.8005          2.52045
010L1721       711.014     355.507         319.9563
010L1719         15.09       7.545           6.7905
010L1700       288.812     144.406         129.9654
010L1668       408.539    204.2695         183.8426
010L1667       300.176     150.088         135.0792
010L1550        41.686      20.843          18.7587
010L1210         8.014       4.007           3.6063
010H4056        33.135     16.5675         14.91075
008K6284         18.89       9.445           8.5005
007H1150        10.951      5.4755          4.92795
007H1132       189.975     94.9875         85.48875
007H0843       187.945     93.9725         84.57525
007H0707         8.698       4.349           3.9141
007H0703        22.658      11.329          10.1961
007H0701            29        14.5            13.05
007H0690        27.667     13.8335         12.45015
007H0688            30          15             13.5
007H0681         17.15       8.575           7.7175
007H0680        17.125      8.5625          7.70625
007H0678            30          15             13.5
007H0668         9.047      4.5235          4.07115
007H0383       108.896      54.448          49.0032
007H0349         8.151      4.0755          3.66795
007H0020         8.605      4.3025          3.87225
007H0017       157.875     78.9375         71.04375
006L1781       115.778      57.889          52.1001
006J8795            54          27             24.3
006H9891       319.076     159.538         143.5842
006H9714       122.949     61.4745         55.32705
006H9610       158.556      79.278          71.3502
006H9543        75.519     37.7595         33.98355
006H9492        85.519     42.7595         38.48355
006H9420         5.452       2.726           2.4534
006H9415         6.313      3.1565          2.84085
006H9412        13.861      6.9305          6.23745
006H9411            60          30               27
006H9410        16.525      8.2625          7.43625
006H9409        24.365     12.1825         10.96425
006H9408        10.261      5.1305          4.61745
006H9407         6.343      3.1715          2.85435
006H9405        24.222      12.111          10.8999
006H9404            19         9.5             8.55
006H9150         9.766       4.883           4.3947
006H9064       105.978      52.989          47.6901
006H9063       136.902      68.451          61.6059
006H8825         32.39      16.195          14.5755
006H8726       109.105     54.5525         49.09725
006H8419       106.347     53.1735         47.85615
006H7654         69.89      34.945          31.4505
006H7590       112.582      56.291          50.6619
006H7589       119.556      59.778          53.8002
006H7586         8.227      4.1135          3.70215
006H7585         8.636       4.318           3.8862
006H6994        25.744      12.872          11.5848
006H6062        14.284       7.142           6.4278
006H6052         22.36       11.18           10.062
006H5743         6.042       3.021           2.7189
006H5731         7.592       3.796           3.4164
006H5727          62.5       31.25           28.125
006H5723        22.673     11.3365         10.20285
006H5722        16.254       8.127           7.3143
006H5691         21.25      10.625           9.5625
006H5305        18.001      9.0005          8.10045
006H5283         28.02       14.01           12.609
006H5279         25.19      12.595          11.3355
006H5278         23.81      11.905          10.7145
006H5270         25.19      12.595          11.3355
006H5265         28.84       14.42           12.978
006H5264         25.19      12.595          11.3355
006H5261        20.901     10.4505          9.40545
006H5256         27.89      13.945          12.5505
006H4595          5.19       2.595           2.3355
006H4003        44.038      22.019          19.8171
006H3862        30.357     15.1785         13.66065
006H2968        33.362      16.681          15.0129
006H1796         5.611      2.8055          2.52495
006H1792        11.804       5.902           5.3118
006H1791         6.939      3.4695          3.12255
006H1786         7.971      3.9855          3.58695
006H1776         5.217      2.6085          2.34765
006H1775          45.7       22.85           20.565
005K9519       460.634     230.317         207.2853
005K9466       490.566     245.283         220.7547
005K9398       491.809    245.9045         221.3141
005K9337       424.745    212.3725         191.1353
005K9308       425.314     212.657         191.3913
005K9267        69.774      34.887          31.3983
005K9106       239.044     119.522         107.5698
005K9025       195.458      97.729          87.9561
005K9000       317.937    158.9685         143.0717
005K8874         37.47      18.735          16.8615
005K7078        25.841     12.9205         11.62845
005K6187          8.06        4.03            3.627
005K5995        19.978       9.989           8.9901
005K4842        30.915     15.4575         13.91175
005K4835        14.026       7.013           6.3117
005K4834         7.796       3.898           3.5082
005K4833        37.508      18.754          16.8786
005K4832        33.094      16.547          14.8923
005K4831        36.142      18.071          16.2639
005K4830         13.96        6.98            6.282
005K4829        10.276       5.138           4.6242
005K4828          5.37       2.685           2.4165
005K4827        97.352      48.676          43.8084
005K4826       101.741     50.8705         45.78345
005K4790          6.86        3.43            3.087
005K4645        52.961     26.4805         23.83245
005K4603         12.11       6.055           5.4495
005K4602        12.564       6.282           5.6538
005K4495        23.482      11.741          10.5669
005K4494        12.195      6.0975          5.48775
005K4493         8.396       4.198           3.7782
005K4358        12.819      6.4095          5.76855
005K4314        37.409     18.7045         16.83405
005K4313         9.289      4.6445          4.18005
005K3597       595.983    297.9915         268.1924
005K3470        11.269      5.6345          5.07105
005K3469        71.623     35.8115         32.23035
005K3468        16.798       8.399           7.5591
005K3176       453.425    226.7125         204.0413
005K3174       513.663    256.8315         231.1484
005K3172       494.336     247.168         222.4512
005K3148       345.372     172.686         155.4174
005K3132        38.593     19.2965         17.36685
005K3119        12.144       6.072           5.4648
005K3117       228.447    114.2235         102.8012
005K2645        22.917     11.4585         10.31265
002K8982       190.299     95.1495         85.63455
002K7015        34.793     17.3965         15.65685
002K7013         31.32       15.66           14.094
002K7011        20.072      10.036           9.0324
002K7007        20.158      10.079           9.0711
002K6539        69.599     34.7995         31.31955
002K6501          10.2         5.1             4.59
002K4897         14.77       7.385           6.6465
002K4788        44.462      22.231          20.0079
002K4787        47.516      23.758          21.3822
002K4785        22.989     11.4945         10.34505
002K4359            20          10                9
002K4356            18           9              8.1
002K4351            18           9              8.1
002K4348        19.013      9.5065          8.55585
002K4344        14.272       7.136           6.4224
002K4340        60.899     30.4495         27.40455
002K4339          27.5       13.75           12.375
002K4338            61        30.5            27.45
002K4336        133.57      66.785          60.1065
002K4334        49.289     24.6445         22.18005
002K4333            78          39             35.1
002K4332            60          30               27
002K4331        12.857      6.4285          5.78565
002K0846            10           5              4.5
002K0845          8.83       4.415           3.9735
002K0844          74.5       37.25           33.525
002K0841        23.154      11.577          10.4193
002K0820            49        24.5            22.05
002K0814        10.181      5.0905          4.58145
002K0812         9.739      4.8695          4.38255
002K0490       108.906      54.453          49.0077
001K4400        10.541      5.2705          4.74345
001K2094        12.527      6.2635          5.63715
000N8048        60.421     30.2105         27.18945
000K7907        522.12      261.06          234.954
   08134943     37.333     18.6665         16.79985
   08125409      47.69      23.845          21.4605
   06952301      8.528       4.264           3.8376
   04525652      47.09      23.545          21.1905
   01396790     30.612      15.306          13.7754
   01393395         77        38.5            34.65
   01393286      34.78       17.39           15.651
   01391405     40.741     20.3705         18.33345
   01339520       8.04        4.02            3.618
@
