head	1.2;
access;
symbols;
locks; strict;
comment	@# @;


1.2
date	2002.02.20.18.49.41;	author fasano;	state Exp;
branches;
next	1.1;

1.1
date	2001.04.10.17.03.32;	author fasano;	state Exp;
branches;
next	;


desc
@@


1.2
log
@tsting cvs
@
text
@2137    E26                 165            165
2144    S15                  26             26
2153    E3U                 235            235
2168    A50                 123            123
2524    B0F                  20             20
2524    999                   8              8
2611    412                   1              1
2615    999                  16             16
2618    N0A                  20             20
2618    999                  10             10
2620    B0G                  21             21
2620    00F                  51             51
2620    20F                  20             20
2620    30F                  13             13
2620    50F                  65             65
2620    80G                  12             12
2620    90F                 8.5            8.5
2620    90G                  20             20
2620    999               12.33          12.33
2621    420                   1              1
2621    460                   1              1
2625    B05                  65             65
2625    B6A                  76             76
2625    DEE                  60             60
2625    DEF              141.96         141.96
2625    EEF              119.17         119.17
2625    FE9              134.97         134.97
2625    FR9                 166            166
2625    GE9                 165            165
2625    GR9                 131            131
2625    R6G                 112            112
2625    W15                  41             41
2625    W9A                  35             35
2625    W9G                 138            138
2625    1E9              182.97         182.97
2625    2E9              140.27         140.27
2625    2R9                 210            210
2625    3E9                 130            130
2625    3R9                 205            205
2625    305                  11             11
2625    4E9                  61             61
2625    6E3               96.75          96.75
2625    6E7               90.24          90.24
2625    7E7                 112            112
2626    B0U               755.8          755.8
2626    C0U                1065           1065
2626    E0U                  50             50
2626    F0U              812.33         812.33
2626    20U               300.5          300.5
2626    50U              552.07         552.07
2626    70U                   1              1
2630    2SU                  35             35
2630    5SU                  35             35
2630    5TU                  35             35
2630    7SU                  26             26
2630    999                  52             52
2635    AAU               526.5          526.5
2635    AA1              356.37         356.37
2635    AA3                 430            430
2635    BAU                 750            750
2635    EAU              376.28         376.28
2635    FAU              517.75         517.75
2635    HGU              396.86         396.86
2635    JBU               697.5          697.5
2635    JGU              659.42         659.42
2635    LEU                1015           1015
2635    10U              155.45         155.45
2635    2AU              210.24         210.24
2635    2EU                  50             50
2635    3AU              231.83         231.83
2635    3EU                 276            276
2635    40U                 182            182
2635    5AU              254.46         254.46
2635    5EU                 205            205
2635    6AU              263.34         263.34
2635    6EU                 300            300
2635    7AU              366.89         366.89
2635    8AU              256.97         256.97
2635    8EU               391.6          391.6
2635    9AU              378.88         378.88
2640    B0U                 880            880
2640    B1U                 276            276
2640    E0A               90.33          90.33
2640    E0C                 131            131
2640    F0D                 180            180
2640    F0E                91.6           91.6
2640    10U              130.06         130.06
2640    20U               127.1          127.1
2640    30U              169.81         169.81
2640    40U              201.46         201.46
2640    50A               73.91          73.91
2640    50C               131.5          131.5
2640    60U                 255            255
2640    70U              234.34         234.34
2640    90U                   1              1
2645    AAF                  50             50
2645    ABD              269.57         269.57
2645    A2U                 214            214
2645    A1U              217.78         217.78
2645    BBE                 239            239
2645    21U               251.3          251.3
2645    3AU              910.33         910.33
2645    3EU                   1              1
2645    31U              349.67         349.67
2645    35U                 760            760
2645    4AU              595.13         595.13
2645    4BU             1490.67        1490.67
2645    4EU                1760           1760
2645    41U              419.24         419.24
2645    42U               120.1          120.1
2645    45U              728.41         728.41
2645    5AU                1315           1315
2645    5EU                   1              1
2645    51U              267.31         267.31
2645    53J                 808            808
2645    8AU                1055           1055
2645    85U              663.72         663.72
6275    B4U                 404            404
6275    CCJ                 490            490
6275    G3U                 265            265
6275    M2U                 540            540
6275    10U                 210            210
6275    12U              461.67         461.67
6275    20U                 210            210
6275    21U              399.17         399.17
6275    22U                 430            430
6275    44U              321.96         321.96
6275    50U                 230            230
6275    55U                 505            505
6275    56U                 470            470
6275    57U                 555            555
6275    66U                 615            615
6275    94U                 640            640
6275    95U                 740            740
6277    70U                 627            627
6277    73U                 611            611
6277    88U                 805            805
6277    98U                 965            965
6278    S1U                   1              1
6282    BKA               71.75          71.75
6282    BKJ                 120            120
6282    CKJ                67.2           67.2
6282    CLS               69.42          69.42
6282    EK9              117.65         117.65
6282    30U               69.61          69.61
6282    32U              126.01         126.01
6282    34U               69.79          69.79
6282    38U               67.39          67.39
6282    46U               71.22          71.22
6282    54U                  27             27
6282    58U               59.35          59.35
6282    62U               87.39          87.39
6282    63U               90.88          90.88
6282    66U               88.21          88.21
6282    69U               65.24          65.24
6282    73U               67.05          67.05
6282    74U              100.11         100.11
6282    75U               85.06          85.06
6282    78U                95.5           95.5
6282    82U               66.92          66.92
6282    83U                  88             88
6282    86U              122.65         122.65
6282    87U               127.2          127.2
6285    40U                 180            180
6285    56U                 410            410
6285    66U                 545            545
6287    22U                 335            335
6287    4BU                 418            418
6287    5BU                 565            565
6287    9GU                 915            915
6288    41U                   1              1
6288    51U                 655            655
6288    53U                   1              1
6381    F30                   1              1
6381    W50                   1              1
6381    001                   1              1
6381    999                   1              1
6382    A11                   1              1
6382    F00                   1              1
6382    F30                   5              5
6382    F50                   1              1
6382    F51                   1              1
6382    999                   1              1
6384    A13                1.92           1.92
6384    A24                   1              1
6384    C00                 0.5            0.5
6384    C20                6.33           6.33
6384    F00                   1              1
6384    F23                   9              9
6384    F30                0.73           0.73
6384    F50                   1              1
6384    F51                   1              1
6384    G00                0.83           0.83
6384    G40                   1              1
6384    G50                   1              1
6384    G53                   1              1
6384    K70                   1              1
6384    L53                   1              1
6384    M50                   1              1
6384    M70                   1              1
6384    N53                   9              9
6384    N73                   1              1
6384    V50                   1              1
6384    V70                0.75           0.75
6384    W50                   1              1
6384    W70                   1              1
6384    W71                   1              1
6384    X70                   5              5
6384    X73                   1              1
6384    1A3                   1              1
6384    999                   1              1
6387    W91                   1              1
6387    X93                   1              1
6387    999                   1              1
6472    C3B                   1              1
6472    K5F                   1              1
6472    L4F                   1              1
6482    H0D                0.98           0.98
6482    H3B                   1              1
6482    H3G                   1              1
6482    H4F                   1              1
6482    H4G                   1              1
6482    LPF                   1              1
6482    L0D                   1              1
6482    L4F                   1              1
6482    L4G                   1              1
6482    L5F                   1              1
6482    L5G                   6              6
6482    X5F                   1              1
6492    H3F                   6              6
6492    X4F                   1              1
6560    10U                  25             25
6560    17A                26.7           26.7
6560    17M                   1              1
6560    19M                  30             30
6560    19T               29.06          29.06
6560    40U                  35             35
6560    44U               25.63          25.63
6560    50U               69.14          69.14
6560    52U               63.86          63.86
6560    66U               70.46          70.46
6560    70U               28.64          28.64
6560    79M               33.57          33.57
6560    79T                  35             35
6561    BAK                 370            370
6561    BBJ                 375            375
6561    BKA                 360            360
6561    CKJ                 415            415
6561    10U               177.8          177.8
6561    11U                 107            107
6561    13U                 107            107
6561    30U                 210            210
6561    32U                 300            300
6561    34U               252.5          252.5
6561    35U              170.33         170.33
6561    38U                 180            180
6561    40U                 180            180
6561    42U               196.5          196.5
6561    50U              192.16         192.16
6561    53U              235.33         235.33
6561    54U              321.65         321.65
6561    60U                 310            310
6562    BBA                  95             95
6562    34U               79.72          79.72
6562    36U                88.7           88.7
6562    38U               99.05          99.05
6562    46U               64.11          64.11
6562    50U              120.18         120.18
6562    52U                 107            107
6562    54U                 315            315
6562    84U               179.7          179.7
6562    86U               97.38          97.38
6562    88U                 123            123
6563    44U                   1              1
6565    66U                   1              1
6565    86U                   1              1
6571    K3B                   1              1
6571    L4B                   1              1
6571    L5C                   1              1
6571    L5F                   1              1
6571    L5K                   1              1
6571    W5F                   1              1
6571    W5K                   1              1
6575    15H                  45             45
6576    30U                12.5           12.5
6576    35F                  15             15
6576    35H                  10             10
6576    35Z                  45             45
6576    37H                12.5           12.5
6576    37T                  15             15
6576    45F                  20             20
6576    45H                  20             20
6576    47H               31.25          31.25
6576    55H                  20             20
6576    57H               28.46          28.46
6576    57T                  35             35
6576    59H               28.65          28.65
6576    59T                27.5           27.5
6576    70U                  41             41
6576    76H               37.66          37.66
6576    79H                  31             31
6576    79T                  31             31
6576    99H                  72             72
6576    99T                  65             65
6577    KBT               69.94          69.94
6577    50U                  35             35
6577    59J                  30             30
6577    59T                26.3           26.3
6577    7AT               28.31          28.31
6577    70U                  25             25
6577    79J                  42             42
6577    79T               31.57          31.57
6581    K3F                   1              1
6581    L3B                   1              1
6581    L4F                   1              1
6581    L5F                   1              1
6581    L5G                   1              1
6581    W5F                   1              1
6581    W5K                   1              1
6583    L5F                0.34           0.34
6583    L5K                  11             11
6585    15F                  15             15
6585    15H                  27             27
6585    15J                 0.5            0.5
6586    20E                  15             15
6586    30U                  25             25
6586    35F               14.09          14.09
6586    35H               13.33          13.33
6586    37H               10.92          10.92
6586    37T                  10             10
6586    45F                  20             20
6586    45H                  20             20
6586    47H               16.67          16.67
6586    5SH               26.67          26.67
6586    5XH               28.75          28.75
6586    50U                27.5           27.5
6586    55F                  45             45
6586    55H                  25             25
6586    57H               22.97          22.97
6586    57T                42.6           42.6
6586    59H                  25             25
6586    59T                  25             25
6586    7XH               32.94          32.94
6586    70U                  30             30
6586    76H                  32             32
6586    79H               31.59          31.59
6586    79T                27.5           27.5
6586    9XH              118.57         118.57
6586    90U               59.47          59.47
6586    99H               61.31          61.31
6586    99T               61.53          61.53
6587    EDA                 225            225
6587    FLA               88.43          88.43
6587    GAV               80.14          80.14
6587    KBT               86.76          86.76
6587    KSX               67.06          67.06
6587    K0U               66.64          66.64
6587    LBV               90.27          90.27
6587    LOU               91.18          91.18
6587    L0U                85.2           85.2
6587    50U                  35             35
6587    59S                  30             30
6587    59T               27.22          27.22
6587    7AJ                  25             25
6587    7AT               29.93          29.93
6587    7NX               45.67          45.67
6587    7ZT               28.57          28.57
6587    70U                  25             25
6587    79T               36.39          36.39
6587    9AJ               77.88          77.88
6587    9AT              100.58         100.58
6587    9BT                84.9           84.9
6587    9GU                  62             62
6587    9ZT               72.65          72.65
6587    90U               96.67          96.67
6588    AAJ                 123            123
6588    BAB                 425            425
6588    BAJ              310.14         310.14
6588    BBJ              346.43         346.43
6588    BJA                 200            200
6588    BKJ              276.67         276.67
6588    10U              117.94         117.94
6588    12U              114.58         114.58
6588    15U              111.57         111.57
6588    41U                 106            106
6588    42U              224.83         224.83
6588    43U              214.33         214.33
6588    51U              310.23         310.23
6588    53U              329.18         329.18
6588    61U              203.62         203.62
6589    A4U                  60             60
6589    BCK                  93             93
6589    BDA               85.98          85.98
6589    BDJ               44.94          44.94
6589    BDK                  27             27
6589    BFA                  88             88
6589    BMO                 160            160
6589    BQC                 107            107
6589    10U               61.79          61.79
6589    11U               47.82          47.82
6589    12U               88.37          88.37
6589    13U               86.53          86.53
6589    14U               93.05          93.05
6589    15U               90.44          90.44
6589    17U                57.5           57.5
6589    18U               84.92          84.92
6591    DLK                 350            350
6591    15U               92.52          92.52
6591    22U                 218            218
6591    30U              147.23         147.23
6591    34U              272.98         272.98
6591    54U              312.29         312.29
6591    76U              367.63         367.63
6592    AAJ                 103            103
6592    12U                  88             88
6592    16U                 110            110
6592    50U               291.5          291.5
6592    84U               94.67          94.67
6592    86U                 200            200
6598    CFK                  35             35
6598    CXJ                  73             73
6598    CXK                  45             45
6598    CXX                  95             95
6598    FFK                 120            120
6862    AAA                 270            270
6862    CBJ                  60             60
6862    N2U                 715            715
6862    RRH                 449            449
6862    S4U                1040           1040
6862    U7U                 360            360
6862    W2U                 500            500
6862    W5U                 400            400
6862    11U                 370            370
6862    18U              259.97         259.97
6862    23U              275.06         275.06
6862    24U              439.29         439.29
6862    27U              458.02         458.02
6862    29U                 350            350
6862    34U                 665            665
6862    41U                 635            635
6862    52U                 156            156
6862    82U                 365            365
6862    83U              252.83         252.83
6862    84U                 451            451
6862    85U              456.22         456.22
6875    P5H                  20             20
6875    34F                  15             15
6875    34G                  25             25
6875    35F                 100            100
6875    44F                  20             20
6875    44G                  15             15
6875    45F               14.58          14.58
6875    45H               14.32          14.32
6876    34F                  30             30
6876    35F                  30             30
6877    KAE               27.86          27.86
6877    VAA                  25             25
6877    VAE                  25             25
6877    VAG               31.06          31.06
6885    PCH                  20             20
6885    P5H                  20             20
6885    P8M                  20             20
6885    R5H                  30             30
6885    R8H               25.06          25.06
6885    TEH               19.23          19.23
6885    T8H                  30             30
6885    35H               10.25          10.25
6885    35J                  25             25
6885    4CH                  10             10
6885    4CJ                  35             35
6885    4RM               16.67          16.67
6885    45H               12.06          12.06
6885    45J                  20             20
6885    45M                  30             30
6885    48H                   9              9
6885    48M               14.17          14.17
6885    55H               28.75          28.75
6885    55J                  35             35
6885    58H                  15             15
6885    68H                  20             20
6885    7EH                  30             30
6885    78H                  17             17
6886    PCH                  20             20
6886    P5H                  22             22
6886    RCH                  35             35
6886    TEH                  35             35
6886    35H                  25             25
6886    4CH                  20             20
6886    45H                  20             20
6886    5CH                  35             35
6887    EAA                  22             22
6887    FAA               34.04          34.04
6887    HAA               69.18          69.18
6887    KAA                  20             20
6887    KAE                  25             25
6887    KAG               28.75          28.75
6887    KAN                  26             26
6887    KBE                  20             20
6887    KFE                8.51           8.51
6887    MAC                  45             45
6887    MAG                  30             30
6887    NM0               98.33          98.33
6887    VAA                  30             30
6887    VAC                  55             55
6887    VAE               33.89          33.89
6887    VAG               30.89          30.89
6887    VAN                17.5           17.5
6887    VAR                  36             36
6887    VBN                  25             25
6887    XAC                  25             25
6887    XAG               32.54          32.54
6887    YFA                  25             25
6887    YFE               10.66          10.66
6887    YFN               26.45          26.45
6887    YPE                  36             36
6887    YPN                  36             36
6887    Y1E               18.59          18.59
6887    6AA               69.92          69.92
6887    6AC                  83             83
6887    6AE               68.77          68.77
6887    6AG                  62             62
6887    6AN                35.5           35.5
6887    6AR                  70             70
6887    8AF               68.59          68.59
6887    81A               65.27          65.27
6887    81E                66.7           66.7
6887    81N               85.87          85.87
6887    86B                  65             65
6887    86F                  63             63
6887    86P               63.18          63.18
6887    9AD                  62             62
6887    9AH                  70             70
6887    9AS                  62             62
6887    999                  72             72
6888    22U              323.44         323.44
6888    26U                 460            460
6888    28U                 153            153
6888    36U                 420            420
6889    10U              601.74         601.74
6889    11U                 780            780
6889    13U                 680            680
6889    14U              641.43         641.43
6889    15U              567.86         567.86
6889    16U                 750            750
6889    18U                 465            465
6889    19U                 520            520
6889    30U                 260            260
6889    41U                 705            705
6889    44U              871.67         871.67
6889    48U                 840            840
6889    52U                 730            730
6889    53U                 900            900
6889    54U                 895            895
6889    60U                 645            645
6889    61U              763.33         763.33
6889    63U                 680            680
6890    L1U                   1              1
6892    DJA              295.33         295.33
6892    FYJ                 250            250
6892    S2U                 490            490
6892    14U              240.33         240.33
6892    16U                 427            427
6892    20U              541.25         541.25
6892    47U                 795            795
6892    79U                 185            185
6892    81U              176.25         176.25
6892    82U                 265            265
6892    83U                 225            225
6892    89U                 185            185
6893    10U               255.5          255.5
6893    14U                 598            598
6893    41U                 795            795
6893    43U                 260            260
6893    44U                 805            805
6893    48U                 185            185
6893    52U                   1              1
6893    60U                 517            517
6893    61U                 530            530
6893    82U                 950            950
6898    AMA              376.84         376.84
6898    SMA               320.5          320.5
6898    TMA              179.11         179.11
6898    10U              331.67         331.67
6898    11U              407.89         407.89
6898    12U                 480            480
6898    13U               225.5          225.5
6898    18U                 105            105
6898    19U                 180            180
6898    24U                 570            570
6898    28U               337.5          337.5
6899    10U               91.56          91.56
6899    12U               96.83          96.83
6899    17U                  88             88
6899    18U                 103            103
8525    G01                   1              1
8530    E21                   1              1
8530    E31                   1              1
8535    043                   1              1
8555    061                 1.5            1.5
8556    045                   1              1
8556    055                   5              5
8556    059                   1              1
8556    999                   1              1
8580    081                   1              1
8580    161                   1              1
8590    0H9                   1              1
8590    0KF                   1              1
8590    0LF                   1              1
9545    ABJ                  41             41
9545    ABK                  12             12
9545    E0C               18.33          18.33
9545    E0G                  22             22
9545    FBK                  30             30
9545    FBL                72.5           72.5
9545    F0E                  45             45
9545    F0G                  45             45
9545    GBK                  50             50
9545    GBL                  38             38
9545    HBD                71.5           71.5
9545    HBE               68.75          68.75
9545    HBL                86.2           86.2
9545    L0E                27.5           27.5
9545    L0G                25.2           25.2
9545    SBJ                92.5           92.5
9545    SBK                 109            109
9545    006                  18             18
9545    206                  50             50
9545    6BD                  50             50
9545    6BE                 6.5            6.5
9545    7BC                  65             65
9545    7BD                18.4           18.4
9545    7BE                31.5           31.5
9545    8BJ                31.5           31.5
9545    9BD               43.44          43.44
9545    9BE                26.4           26.4
9545    999               26.32          26.32
9546    U1A                  52             52
9546    U1C               122.5          122.5
9546    U11                  77             77
9546    U13                 125            125
9546    U2A                 155            155
9546    U2B                  76             76
9546    U2H                  92             92
9546    U2J                91.4           91.4
9546    U21                  98             98
9546    U22              106.75         106.75
9546    U27                  94             94
9546    U28               55.33          55.33
9546    U3A              160.94         160.94
9546    U3B              122.67         122.67
9546    U3L               125.9          125.9
9546    U4A              149.53         149.53
9546    U4B              146.85         146.85
9546    U9A               189.4          189.4
9546    U9B              199.25         199.25
9546    U9E              309.07         309.07
9546    U9H              209.54         209.54
9546    999               175.9          175.9
9547    U0A                51.5           51.5
9547    U01               80.14          80.14
9547    U3A                  76             76
9547    U3F                  45             45
9547    U3R                  65             65
9547    U31              101.43         101.43
9547    U4F              153.06         153.06
9547    U4G              189.83         189.83
9547    U4H              151.63         151.63
9547    U4K              182.73         182.73
9547    U4R              202.67         202.67
9547    U4S              145.65         145.65
9547    U6F              107.37         107.37
9547    U6G               98.86          98.86
9547    U6H              102.92         102.92
9547    U6R                 154            154
9547    U9C              251.18         251.18
9547    U9J              250.97         250.97
9547    U9K              234.93         234.93
9547    13B               72.14          72.14
9548    DJA                 430            430
9548    DJB               215.5          215.5
9548    EKA                 685            685
9548    30U              381.29         381.29
9548    31U               235.5          235.5
9548    32U              470.83         470.83
9548    40U              392.22         392.22
9548    51U               292.8          292.8
9548    52U                 343            343
9549    1AU              347.89         347.89
9549    5AU              489.15         489.15
9549    7AU                   1              1
9549    7BU              771.75         771.75
9549    71U                1165           1165
9549    72U             1081.22        1081.22
9549    81U                1145           1145
9549    82U                1220           1220
9552    30J                  22             22
9552    999                  20             20
9553    0BB                   1              1
9553    0B7                   1              1
9556    DBA                   1              1
9556    DED                   1              1
9556    DE9                   1              1
9556    0BA                   1              1
9556    999                 3.5            3.5
9557    KBG                   1              1
9557    999                   1              1
9576    BNB                   1              1
9576    DUA                   1              1
9576    0UA                   1              1
9576    999                   1              1
9577    BNB                   1              1
9577    DNG                   1              1
9577    KNG                   1              1
9577    KUA                   1              1
9577    ONF                   1              1
9577    0NF                   1              1
9577    999                   1              1
9590    DLG                   1              1
9590    999                   1              1
@


1.1
log
@New data gars data files
@
text
@a719 1

@

