head	1.1;
access;
symbols;
locks; strict;
comment	@# @;


1.1
date	2001.04.10.17.03.30;	author fasano;	state Exp;
branches;
next	;


desc
@@


1.1
log
@New data gars data files
@
text
@04479777          12.767       0       0
06178962           65.62       0       0
06460283         845.865       0       0
08184913        2372.771       0       0
08193207          32.969       0       0
000G3368         367.607       0       0
001K1117           47.79       0       0
001K1146          42.564       0       0
001K7367          123.13       0       0
001K9866          61.252       0       0
002K0486         283.292       0       0
002K1123              40       0       0
002K1127          97.385       0       0
002K1146         166.268       0       0
002K3414             110       0       0
002K4331          12.842       0       0
002K4446           29.18       0       0
002K4785          16.932       0       0
002K6496              59       0       0
002K6506             175       0       0
002K6509           50.02       0       0
002K6539          69.124       0       0
002K6550         126.228       0       0
002K6555          17.121       0       0
002K6557          17.709       0       0
002K7007          21.827       0       0
002K7011          19.531       0       0
002K7013          25.011       0       0
002K7019         112.922       0       0
005G3989          253.47       0       0
005G3990         204.144       0       0
005H2817          100.25       0       0
005H3924            1175       0       0
005J5237        1310.627       0       0
005K2646           20.69       0       0
005K2655          45.691       0       0
005K3112         300.629       0       0
005K3132          41.025       0       0
005K3468          18.218       0       0
005K3469          59.103       0       0
005K3470          11.487       0       0
005K4826          125.35       0       0
005K4830          11.782       0       0
005K7078          26.118       0       0
005K8868          116.72       0       0
005K8873         221.279       0       0
005K8874          31.017       0       0
005K9124          75.557       0       0
005K9267          52.031       0       0
005K9305         784.372       0       0
005K9315             290       0       0
005K9337         334.766       0       0
005K9346         550.401       0       0
005K9398         490.352       0       0
005K9519         421.421       0       0
005K9546         547.245       0       0
006H8576           150.3       0       0
006H8729          85.342       0       0
006H8825          32.344       0       0
006H9064          40.007       0       0
007H0383           38.63       0       0
007H1123           107.5       0       0
007H1132             147       0       0
007H1150          10.939       0       0
007H1266           11.86       0       0
007L5487         428.865       0       0
007L9076          422.78       0       0
008K3429          28.366       0       0
008K5909          12.134       0       0
009G6252          271.27       0       0
009G7639          100.36       0       0
009J4902         992.129       0       0
009L4064         325.461       0       0
010H4056          32.636       0       0
010L1193          22.629       0       0
010L1230         350.389       0       0
010L1260         266.724       0       0
010L1335           16.04       0       0
010L1350               0       0       0
010L1700          287.37       0       0
010L1711             546       0       0
010L1719           8.264       0       0
010L1721         514.624       0       0
010L1725         265.815       0       0
010L2047          15.272       0       0
010L2158          62.231       0       0
010L6006         127.272       0       0
010L6074         180.533       0       0
010L6079         312.081       0       0
011H9623          84.199       0       0
011J8333          22.714       0       0
011J8956          29.225       0       0
011J9626         574.553       0       0
011J9991          24.283       0       0
011J9992          35.214       0       0
012J0146          706.92       0       0
012J0425          39.494       0       0
012J0426         119.895       0       0
012J0433          213.75       0       0
012J0439         572.094       0       0
012J0445           14.23       0       0
012J1442          198.23       0       0
012J1444           25.31       0       0
012J1497          28.169       0       0
012J2005          16.525       0       0
012J3024         219.095       0       0
012J3094          71.226       0       0
012J3143         117.087       0       0
012J3521          77.612       0       0
012J4123          477.38       0       0
012J5109              37       0       0
012J5991           30.49       0       0
012P4064           44.15       0       0
013H8923          321.53       0       0
013H9238          28.756       0       0
016G8566         888.842       0       0
019H0289          99.634       0       0
020L0242            46.9       0       0
022L0005          98.504       0       0
022L0016          115.91       0       0
022L0018          90.518       0       0
022L0019         107.588       0       0
022L0024           38.63       0       0
022L0055          89.524       0       0
022L0059         108.284       0       0
022L0060         108.629       0       0
022L0069         119.989       0       0
022L0070             275       0       0
022L0071         110.295       0       0
022L1891          14.258       0       0
025F7206           45.96       0       0
025H4247           63.87       0       0
027L3583          67.317       0       0
027L3711          70.793       0       0
028L1593             168       0       0
028L1641            33.8       0       0
028L5021         257.554       0       0
029H9205          60.035       0       0
029H9230          37.273       0       0
029H9232         108.946       0       0
030L2147         658.825       0       0
030L2516         187.524       0       0
030L2527         651.855       0       0
030L2699             550       0       0
030L2875         683.618       0       0
030L2898         669.258       0       0
030L2901          709.21       0       0
030L2904          717.73       0       0
030L2990             423       0       0
031F7092         2210.65       0       0
035G1858         316.115       0       0
036G0454         249.604       0       0
036G6930         243.368       0       0
036L8655         201.094       0       0
036L8810         124.953       0       0
036L8811         150.493       0       0
037L5765         212.558       0       0
037L5769         186.542       0       0
039F8744         352.123       0       0
039H2221          198.28       0       0
040H7012         171.468       0       0
041H7438            39.5       0       0
041H8452          76.702       0       0
041L5754        1642.239       0       0
042H1860          415.51       0       0
042H1861         250.578       0       0
042H2768               0       0       0
042H2769          37.927       0       0
042H2781          13.789       0       0
042H2797          112.16       0       0
042H2819          64.518       0       0
042H2820          73.118       0       0
042H2829           97.54       0       0
045H8791           132.5       0       0
046G0288          31.112       0       0
046G0296         291.101       0       0
046H4144         156.043       0       0
046H5203             325       0       0
046H5750           41.41       0       0
046H5751               0       0       0
046H5771         268.248       0       0
046H5773         300.085       0       0
046H5775          56.419       0       0
046L2209         581.127       0       0
046L2245         388.556       0       0
048G7170          23.684       0       0
053F4032         124.929       0       0
056X4441              60       0       0
060G2950               0       0       0
060H9453         393.333       0       0
062G2365          18.516       0       0
065F7025         109.781       0       0
065G7579         632.339       0       0
073G3235           89.58       0       0
073H6419             250       0       0
073H6427          170.94       0       0
073H9928              30       0       0
073H9951          47.028       0       0
074G9701         485.268       0       0
074G9797         239.933       0       0
075H5463         128.222       0       0
075H7419         155.262       0       0
075H7497         151.435       0       0
075H7522          44.571       0       0
075H8479            72.5       0       0
075H8991          33.626       0       0
075H9208              35       0       0
075H9213          61.114       0       0
075H9227          196.37       0       0
075H9550           11.02       0       0
075H9601          48.971       0       0
076H0958         221.269       0       0
076H0964         202.717       0       0
076H2697         448.167       0       0
076H5817         166.827       0       0
076H5820             114       0       0
076H5822         139.302       0       0
076H7171               0       0       0
082G5928          59.956       0       0
082H8489              21       0       0
082H8875         143.288       0       0
083H7084             250       0       0
083H7085         220.906       0       0
083H7090         288.357       0       0
083H7102         266.667       0       0
083H7103         299.536       0       0
085G6698          38.747       0       0
086G8117           69.92       0       0
086H1888            77.8       0       0
086H1896          77.449       0       0
088G3842             406       0       0
088G3894         237.441       0       0
092G7321               0       0       0
092G7323           24.72       0       0
092G7521           34.31       0       0
093F1791           13.65       0       0
093F1853           56.46       0       0
093F1861          65.705       0       0
093F1862         125.866       0       0
093F2361          18.165       0       0
093H6545         296.645       0       0
093H6823          242.15       0       0
094F5890         1849.49       0       0
094F7360          392.08       0       0
094H1038          92.083       0       0
095H0010         277.295       0       0
097H3873          21.536       0       0
099F2821           861.1       0       0
099F9502          474.82       0       0
@
