head	1.3;
access;
symbols;
locks; strict;
comment	@# @;


1.3
date	2002.01.14.17.04.42;	author fasano;	state Exp;
branches;
next	1.2;

1.2
date	2002.01.14.17.04.41;	author fasano;	state Exp;
branches;
next	1.1;

1.1
date	2001.04.10.17.03.51;	author fasano;	state Exp;
branches;
next	;


desc
@@


1.3
log
@No change - 2
@
text
@002K0486     180      36      72
002K1127      12       2       5
002K3418       1       0       0
002K6539       1       0       0
002K6555      31       6      12
002K7007      21       4       8
002K7011      52      10      21
004G2237     164      33      66
004H6829      15       3       6
004H8329      36       7      14
004H8331       1       0       0
004H8347     596     119     238
005G3148       9       2       4
005K3112      12       2       5
005K3117     282      56     113
005K3148      73      15      29
005K3170      92      18      37
005K3468    3324     665    1330
005K3469    3432     686    1373
005K3593       8       2       3
005K3594       4       1       2
005K4830    2521     504    1008
005K9398     103      21      41
005L6024       9       2       4
005L6027       6       1       2
006H2096      12       2       5
006H2968    2004     401     802
006H3862      99      20      40
006H4003       5       1       2
006H4008     563     113     225
006H9063      49      10      20
006H9064       3       1       1
006H9411      62      12      25
006H9431       1       0       0
007H0147       5       1       2
010G6129     167      33      67
010L0930     111      22      44
010L1161       1       0       0
010L1230     149      30      60
010L1700     119      24      48
010L1719      40       8      16
010L1721     524     105     210
010L2158      31       6      12
01035807       2       0       1
011H9622      19       4       8
011H9624       1       0       0
011H9625     420      84     168
011J8625       1       0       0
011J9632      19       4       8
011J9673       3       1       1
012J0115     338      68     135
012J0408      56      11      22
012J0409      13       3       5
012J0425       1       0       0
012J0427       9       2       4
012J3123      23       5       9
013H8923      14       3       6
01616312      18       4       7
01616699      24       5      10
01616800      21       4       8
017G1909     302      60     121
019H9900    1093     219     437
021F4188     141      28      56
021H4093       3       1       1
022L0016       2       0       1
022L0059       3       1       1
02453201      29       6      12
02453997       2       0       1
02462208      26       5      10
02462216       4       1       2
025F6520     143      29      57
025F8384       3       1       1
025F8628     233      47      93
027H1102     643     129     257
027H1145       9       2       4
027L3575       1       0       0
027L3577      13       3       5
027L3711       4       1       2
027L3767       1       0       0
02773772       2       0       1
028L1593      51      10      20
029H9198       8       2       3
029H9205    1444     289     578
029H9207     181      36      72
029H9220     800     160     320
029H9221    7186    1437    2874
029H9366       1       0       0
030L2527       6       1       2
030L2898      31       6      12
033G6004      23       5       9
034H8946      30       6      12
034H8958      31       6      12
034H8960      24       5      10
039F6365     603     121     241
039F8993      70      14      28
039G6265       5       1       2
039H2220       3       1       1
039H6226     281      56     112
039H6228     326      65     130
039H7040       9       2       4
040H4760       2       0       1
041H7180     112      22      45
041H7188    1100     220     440
042H0040     111      22      44
042H1426       5       1       2
042H2767      42       8      17
042H2768       7       1       3
042H2779       1       0       0
042H2819     408      82     163
04432279     200      40      80
046H4144       3       1       1
046H5318      72      14      29
046H5749       4       1       2
046H5750    2065     413     826
046H5751       4       1       2
046H5771    1105     221     442
046H5775     938     188     375
046H5776     960     192     384
046H7860       5       1       2
048G7170       7       1       3
04842383      17       3       7
049G5420      12       2       5
049G5443    1593     319     637
057F8024       8       2       3
057F8031       2       0       1
057F8054      28       6      11
059H4815       2       0       1
060H7823       5       1       2
061X4651      23       5       9
06369809      42       8      17
064F3606       7       1       3
064F3607       2       0       1
06494911       3       1       1
065G9714      16       3       6
066F1405      32       6      13
066G5037     255      51     102
066G5038      14       3       6
066G5044     148      30      59
066G5066      56      11      22
066G5068      12       2       5
066G6209      12       2       5
066G9242     111      22      44
067G5070      18       4       7
069H7913    1469     294     588
069H7914    1359     272     544
069H7961    1516     303     606
070F9976      11       2       4
070H6322      10       2       4
071F1378      11       2       4
073G3233       6       1       2
073H1513       1       0       0
075H9227      34       7      14
075H9601      25       5      10
075H9746       5       1       2
075H9921       2       0       1
076H0955       9       2       4
076H0958       3       1       1
076H0963      36       7      14
076H0964      21       4       8
081F9025     222      44      89
082G2397     186      37      74
082G5928       1       0       0
082G5929       4       1       2
082H8875     752     150     301
08264168      11       2       4
083H5375    1399     280     560
083H5378     433      87     173
083H7090      21       4       8
083H7102      28       6      11
083H7108       2       0       1
083H7124     219      44      88
084G4288     106      21      42
084G4329      92      18      37
084G5632     103      21      41
084G5896       2       0       1
085F0063      27       5      11
085G1140      79      16      32
085G1141       4       1       2
085G1495      95      19      38
085G1500      33       7      13
085G1503     198      40      79
085G8505      25       5      10
085G8507      18       4       7
085G8550     385      77     154
085G8551     728     146     291
091F1009       6       1       2
092F0098      51      10      20
092F0411     207      41      83
092F0428       2       0       1
092F5932      11       2       4
092G7247      79      16      32
092G7256      87      17      35
092G7279      37       7      15
092G7282       2       0       1
092G7294       9       2       4
092G7542      28       6      11
092G9611       3       1       1
092X3222      40       8      16
092X3293     133      27      53
092X3294     121      24      48
092X3296       1       0       0
092X7240     104      21      42
092X7255       1       0       0
092X7320      13       3       5
092X7353       1       0       0
092X7477       8       2       3
092X7479      67      13      27
093F2361      17       3       7
093G2970      18       4       7
093G2974      57      11      23
093H4603       5       1       2
093H4690       4       1       2
095F4704     149      30      60
096X5042     315      63     126
096X6319      80      16      32
097H3388     503     101     201
097H5500       1       0       0
097H5504       4       1       2
099F9500     202      40      81
099F9502     116      23      46
099F9538     930     186     372
099F9544     444      89     178
099F9740     862     172     345
@


1.2
log
@No change - 1
@
text
@a223 1
============= Remove this line =================
@


1.1
log
@New data gars data files
@
text
@d224 1
@

