head	1.4;
access;
symbols;
locks; strict;
comment	@# @;


1.4
date	2002.01.14.17.04.44;	author fasano;	state Exp;
branches;
next	1.3;

1.3
date	2002.01.14.17.04.43;	author fasano;	state Exp;
branches;
next	1.2;

1.2
date	2002.01.14.16.45.30;	author fasano;	state Exp;
branches;
next	1.1;

1.1
date	2001.04.10.17.03.51;	author fasano;	state Exp;
branches;
next	;


desc
@@


1.4
log
@No change - 2
@
text
@2137        E26      165    82.5
2144        S15       26      13
2153        E3U      235   117.5
2168        A50      123    61.5
2524        B0F       20      10
2524        999        8       4
2611        412        1     0.5
2615        999       16       8
2618        N0A       20      10
2618        999       10       5
2620        B0G       21    10.5
2620        00F       51    25.5
2620        20F       20      10
2620        30F       13     6.5
2620        50F       65    32.5
2620        80G       12       6
2620        90F      8.5    4.25
2620        90G       20      10
2620        999    12.33   6.165
2621        420        1     0.5
2621        460        1     0.5
2625        B05       65    32.5
2625        B6A       76      38
2625        DEE       60      30
2625        DEF   141.96   70.98
2625        EEF   119.17  59.585
2625        FE9   134.97  67.485
2625        FR9      166      83
2625        GE9      165    82.5
2625        GR9      131    65.5
2625        R6G      112      56
2625        W15       41    20.5
2625        W9A       35    17.5
2625        W9G      138      69
2625    1.00E+01  182.97  91.485
2625    2.00E+01  140.27  70.135
2625        2R9      210     105
26253   0.00E+00     130      65
2625        3R9      205   102.5
2625        305       11     5.5
26254   0.00E+00      61    30.5
26256   0.00E+00   96.75  48.375
26256   0.00E+00   90.24   45.12
26257   0.00E+00     112      56
2626        B0U    755.8   377.9
2626        C0U     1065   532.5
2626        E0U       50      25
2626        F0U   812.33 406.165
2626        20U    300.5  150.25
2626        50U   552.07 276.035
2626        70U        1     0.5
2630        2SU       35    17.5
2630        5SU       35    17.5
2630        5TU       35    17.5
2630        7SU       26      13
2630        999       52      26
2635        AAU    526.5  263.25
2635        AA1   356.37 178.185
2635        AA3      430     215
2635        BAU      750     375
2635        EAU   376.28  188.14
2635        FAU   517.75 258.875
2635        HGU   396.86  198.43
2635        JBU    697.5  348.75
2635        JGU   659.42  329.71
2635        LEU     1015   507.5
2635        10U   155.45  77.725
2635        2AU   210.24  105.12
2635        2EU       50      25
2635        3AU   231.83 115.915
2635        3EU      276     138
2635        40U      182      91
2635        5AU   254.46  127.23
2635        5EU      205   102.5
2635        6AU   263.34  131.67
2635        6EU      300     150
2635        7AU   366.89 183.445
2635        8AU   256.97 128.485
2635        8EU    391.6   195.8
2635        9AU   378.88  189.44
2640        B0U      880     440
2640        B1U      276     138
2640        E0A    90.33  45.165
2640        E0C      131    65.5
2640        F0D      180      90
2640        F0E     91.6    45.8
2640        10U   130.06   65.03
2640        20U    127.1   63.55
2640        30U   169.81  84.905
2640        40U   201.46  100.73
2640        50A    73.91  36.955
2640        50C    131.5   65.75
2640        60U      255   127.5
2640        70U   234.34  117.17
2640        90U        1     0.5
2645        AAF       50      25
2645        ABD   269.57 134.785
2645        A1U   217.78  108.89
2645        BBE      239   119.5
2645        21U    251.3  125.65
2645        3AU   910.33 455.165
2645        3EU        1     0.5
2645        31U   349.67 174.835
2645        35U      760     380
2645        4AU   595.13 297.565
2645        4BU  1490.67 745.335
2645        4EU     1760     880
2645        41U   419.24  209.62
2645        42U    120.1   60.05
2645        45U   728.41 364.205
2645        5AU     1315   657.5
2645        5EU        1     0.5
2645        51U   267.31 133.655
2645        53J      808     404
2645        8AU     1055   527.5
2645        85U   663.72  331.86
6275        B4U      404     202
6275        CCJ      490     245
6275        G3U      265   132.5
6275        M2U      540     270
6275        10U      210     105
6275        12U   461.67 230.835
6275        20U      210     105
6275        21U   399.17 199.585
6275        22U      430     215
6275        44U   321.96  160.98
6275        50U      230     115
6275        55U      505   252.5
6275        56U      470     235
6275        57U      555   277.5
6275        66U      615   307.5
6275        94U      640     320
6275        95U      740     370
6277        70U      627   313.5
6277        73U      611   305.5
6277        88U      805   402.5
6277        98U      965   482.5
6278        S1U        1     0.5
6282        BKA    71.75  35.875
6282        BKJ      120      60
6282        CKJ     67.2    33.6
6282        CLS    69.42   34.71
6282        EK9   117.65  58.825
6282        30U    69.61  34.805
6282        32U   126.01  63.005
6282        34U    69.79  34.895
6282        38U    67.39  33.695
6282        46U    71.22   35.61
6282        54U       27    13.5
6282        58U    59.35  29.675
6282        62U    87.39  43.695
6282        63U    90.88   45.44
6282        66U    88.21  44.105
6282        69U    65.24   32.62
6282        73U    67.05  33.525
6282        74U   100.11  50.055
6282        75U    85.06   42.53
6282        78U     95.5   47.75
6282        82U    66.92   33.46
6282        83U       88      44
6282        86U   122.65  61.325
6282        87U    127.2    63.6
6285        40U      180      90
6285        56U      410     205
6285        66U      545   272.5
6287        22U      335   167.5
6287        4BU      418     209
6287        5BU      565   282.5
6287        9GU      915   457.5
6288        41U        1     0.5
6288        51U      655   327.5
6288        53U        1     0.5
6381        F30        1     0.5
6381        W50        1     0.5
6381          1        1     0.5
6381        999        1     0.5
6382        A11        1     0.5
6382        F00        1     0.5
6382        F30        5     2.5
6382        F50        1     0.5
6382        F51        1     0.5
6382        999        1     0.5
6384        A13     1.92    0.96
6384        A24        1     0.5
6384        C00      0.5    0.25
6384        C20     6.33   3.165
6384        F00        1     0.5
6384        F23        9     4.5
6384        F30     0.73   0.365
6384        F50        1     0.5
6384        F51        1     0.5
6384        G00     0.83   0.415
6384        G40        1     0.5
6384        G50        1     0.5
6384        G53        1     0.5
6384        K70        1     0.5
6384        L53        1     0.5
6384        M50        1     0.5
6384        M70        1     0.5
6384        N53        9     4.5
6384        N73        1     0.5
6384        V50        1     0.5
6384        V70     0.75   0.375
6384        W50        1     0.5
6384        W70        1     0.5
6384        W71        1     0.5
6384        X70        5     2.5
6384        X73        1     0.5
6384        1A3        1     0.5
6384        999        1     0.5
6387        W91        1     0.5
6387        X93        1     0.5
6387        999        1     0.5
6472        C3B        1     0.5
6472        K5F        1     0.5
6472        L4F        1     0.5
6482        H0D     0.98    0.49
6482        H3B        1     0.5
6482        H3G        1     0.5
6482        H4F        1     0.5
6482        H4G        1     0.5
6482        LPF        1     0.5
6482        L0D        1     0.5
6482        L4F        1     0.5
6482        L4G        1     0.5
6482        L5F        1     0.5
6482        L5G        6       3
6482        X5F        1     0.5
6492        H3F        6       3
6492        X4F        1     0.5
6560        10U       25    12.5
6560        17A     26.7   13.35
6560        17M        1     0.5
6560        19M       30      15
6560        19T    29.06   14.53
6560        40U       35    17.5
6560        44U    25.63  12.815
6560        50U    69.14   34.57
6560        52U    63.86   31.93
6560        66U    70.46   35.23
6560        70U    28.64   14.32
6560        79M    33.57  16.785
6560        79T       35    17.5
6561        BAK      370     185
6561        BBJ      375   187.5
6561        BKA      360     180
6561        CKJ      415   207.5
6561        10U    177.8    88.9
6561        11U      107    53.5
6561        13U      107    53.5
6561        30U      210     105
6561        32U      300     150
6561        34U    252.5  126.25
6561        35U   170.33  85.165
6561        38U      180      90
6561        40U      180      90
6561        42U    196.5   98.25
6561        50U   192.16   96.08
6561        53U   235.33 117.665
6561        54U   321.65 160.825
6561        60U      310     155
6562        BBA       95    47.5
6562        34U    79.72   39.86
6562        36U     88.7   44.35
6562        38U    99.05  49.525
6562        46U    64.11  32.055
6562        50U   120.18   60.09
6562        52U      107    53.5
6562        54U      315   157.5
6562        84U    179.7   89.85
6562        86U    97.38   48.69
6562        88U      123    61.5
6563        44U        1     0.5
6565        66U        1     0.5
6565        86U        1     0.5
6571        K3B        1     0.5
6571        L4B        1     0.5
6571        L5C        1     0.5
6571        L5F        1     0.5
6571        L5K        1     0.5
6571        W5F        1     0.5
6571        W5K        1     0.5
6575        15H       45    22.5
6576        30U     12.5    6.25
6576        35F       15     7.5
6576        35H       10       5
6576        35Z       45    22.5
6576        37H     12.5    6.25
6576        37T       15     7.5
6576        45F       20      10
6576        45H       20      10
6576        47H    31.25  15.625
6576        55H       20      10
6576        57H    28.46   14.23
6576        57T       35    17.5
6576        59H    28.65  14.325
6576        59T     27.5   13.75
6576        70U       41    20.5
6576        76H    37.66   18.83
6576        79H       31    15.5
6576        79T       31    15.5
6576        99H       72      36
6576        99T       65    32.5
6577        KBT    69.94   34.97
6577        50U       35    17.5
6577        59J       30      15
6577        59T     26.3   13.15
6577        7AT    28.31  14.155
6577        70U       25    12.5
6577        79J       42      21
6577        79T    31.57  15.785
6581        K3F        1     0.5
6581        L3B        1     0.5
6581        L4F        1     0.5
6581        L5F        1     0.5
6581        L5G        1     0.5
6581        W5F        1     0.5
6581        W5K        1     0.5
6583        L5F     0.34    0.17
6583        L5K       11     5.5
6585        15F       15     7.5
6585        15H       27    13.5
6585        15J      0.5    0.25
6586        20E       15     7.5
6586        30U       25    12.5
6586        35F    14.09   7.045
6586        35H    13.33   6.665
6586        37H    10.92    5.46
6586        37T       10       5
6586        45F       20      10
6586        45H       20      10
6586        47H    16.67   8.335
6586        5SH    26.67  13.335
6586        5XH    28.75  14.375
6586        50U     27.5   13.75
6586        55F       45    22.5
6586        55H       25    12.5
6586        57H    22.97  11.485
6586        57T     42.6    21.3
6586        59H       25    12.5
6586        59T       25    12.5
6586        7XH    32.94   16.47
6586        70U       30      15
6586        76H       32      16
6586        79H    31.59  15.795
6586        79T     27.5   13.75
6586        9XH   118.57  59.285
6586        90U    59.47  29.735
6586        99H    61.31  30.655
6586        99T    61.53  30.765
6587        EDA      225   112.5
6587        FLA    88.43  44.215
6587        GAV    80.14   40.07
6587        KBT    86.76   43.38
6587        KSX    67.06   33.53
6587        K0U    66.64   33.32
6587        LBV    90.27  45.135
6587        LOU    91.18   45.59
6587        L0U     85.2    42.6
6587        50U       35    17.5
6587        59S       30      15
6587        59T    27.22   13.61
6587        7AJ       25    12.5
6587        7AT    29.93  14.965
6587        7NX    45.67  22.835
6587        7ZT    28.57  14.285
6587        70U       25    12.5
6587        79T    36.39  18.195
6587        9AJ    77.88   38.94
6587        9AT   100.58   50.29
6587        9BT     84.9   42.45
6587        9GU       62      31
6587        9ZT    72.65  36.325
6587        90U    96.67  48.335
6588        AAJ      123    61.5
6588        BAB      425   212.5
6588        BAJ   310.14  155.07
6588        BBJ   346.43 173.215
6588        BJA      200     100
6588        BKJ   276.67 138.335
6588        10U   117.94   58.97
6588        12U   114.58   57.29
6588        15U   111.57  55.785
6588        41U      106      53
6588        42U   224.83 112.415
6588        43U   214.33 107.165
6588        51U   310.23 155.115
6588        53U   329.18  164.59
6588        61U   203.62  101.81
6589        A4U       60      30
6589        BCK       93    46.5
6589        BDA    85.98   42.99
6589        BDJ    44.94   22.47
6589        BDK       27    13.5
6589        BFA       88      44
6589        BMO      160      80
6589        BQC      107    53.5
6589        10U    61.79  30.895
6589        11U    47.82   23.91
6589        12U    88.37  44.185
6589        13U    86.53  43.265
6589        14U    93.05  46.525
6589        15U    90.44   45.22
6589        17U     57.5   28.75
6589        18U    84.92   42.46
6591        DLK      350     175
6591        15U    92.52   46.26
6591        22U      218     109
6591        30U   147.23  73.615
6591        34U   272.98  136.49
6591        54U   312.29 156.145
6591        76U   367.63 183.815
6592        AAJ      103    51.5
6592        12U       88      44
6592        16U      110      55
6592        84U    94.67  47.335
6592        86U      200     100
6598        CFK       35    17.5
6598        CXJ       73    36.5
6598        CXK       45    22.5
6598        CXX       95    47.5
6598        FFK      120      60
6862        AAA      270     135
6862        CBJ       60      30
6862        N2U      715   357.5
6862        RRH      449   224.5
6862        S4U     1040     520
6862        U7U      360     180
6862        W2U      500     250
6862        W5U      400     200
6862        11U      370     185
6862        18U   259.97 129.985
6862        23U   275.06  137.53
6862        24U   439.29 219.645
6862        27U   458.02  229.01
6862        29U      350     175
6862        34U      665   332.5
6862        41U      635   317.5
6862        52U      156      78
6862        82U      365   182.5
6862        83U   252.83 126.415
6862        84U      451   225.5
6862        85U   456.22  228.11
6875        P5H       20      10
6875        34F       15     7.5
6875        34G       25    12.5
6875        35F      100      50
6875        44F       20      10
6875        44G       15     7.5
6875        45F    14.58    7.29
6875        45H    14.32    7.16
6876        34F       30      15
6876        35F       30      15
6877        KAE    27.86   13.93
6877        VAA       25    12.5
6877        VAE       25    12.5
6877        VAG    31.06   15.53
6885        PCH       20      10
6885        P5H       20      10
6885        P8M       20      10
6885        R5H       30      15
6885        R8H    25.06   12.53
6885        TEH    19.23   9.615
6885        T8H       30      15
6885        35H    10.25   5.125
6885        35J       25    12.5
6885        4CH       10       5
6885        4CJ       35    17.5
6885        4RM    16.67   8.335
6885        45H    12.06    6.03
6885        45J       20      10
6885        45M       30      15
6885        48H        9     4.5
6885        48M    14.17   7.085
6885        55H    28.75  14.375
6885        55J       35    17.5
6885        58H       15     7.5
6885        68H       20      10
6885        7EH       30      15
6885        78H       17     8.5
6886        PCH       20      10
6886        P5H       22      11
6886        RCH       35    17.5
6886        TEH       35    17.5
6886        35H       25    12.5
6886        4CH       20      10
6886        45H       20      10
6886        5CH       35    17.5
6887        EAA       22      11
6887        FAA    34.04   17.02
6887        HAA    69.18   34.59
6887        KAA       20      10
6887        KAE       25    12.5
6887        KAG    28.75  14.375
6887        KAN       26      13
6887        KBE       20      10
6887        KFE     8.51   4.255
6887        MAC       45    22.5
6887        MAG       30      15
6887        NM0    98.33  49.165
6887        VAA       30      15
6887        VAC       55    27.5
6887        VAE    33.89  16.945
6887        VAG    30.89  15.445
6887        VAN     17.5    8.75
6887        VAR       36      18
6887        VBN       25    12.5
6887        XAC       25    12.5
6887        XAG    32.54   16.27
6887        YFA       25    12.5
6887        YFE    10.66    5.33
6887        YFN    26.45  13.225
6887        YPE       36      18
6887        YPN       36      18
6887        Y1E    18.59   9.295
6887        6AA    69.92   34.96
6887        6AC       83    41.5
6887        6AE    68.77  34.385
6887        6AG       62      31
6887        6AN     35.5   17.75
6887        6AR       70      35
6887        8AF    68.59  34.295
6887        81A    65.27  32.635
6887        81E     66.7   33.35
6887        81N    85.87  42.935
6887        86B       65    32.5
6887        86F       63    31.5
6887        86P    63.18   31.59
6887        9AD       62      31
6887        9AH       70      35
6887        9AS       62      31
6887        999       72      36
6888        22U   323.44  161.72
6888        26U      460     230
6888        28U      153    76.5
6888        36U      420     210
6889        10U   601.74  300.87
6889        11U      780     390
6889        13U      680     340
6889        14U   641.43 320.715
6889        15U   567.86  283.93
6889        16U      750     375
6889        18U      465   232.5
6889        19U      520     260
6889        30U      260     130
6889        41U      705   352.5
6889        44U   871.67 435.835
6889        48U      840     420
6889        52U      730     365
6889        53U      900     450
6889        54U      895   447.5
6889        60U      645   322.5
6889        61U   763.33 381.665
6889        63U      680     340
6890        L1U        1     0.5
6892        DJA   295.33 147.665
6892        FYJ      250     125
6892        S2U      490     245
6892        14U   240.33 120.165
6892        16U      427   213.5
6892        20U   541.25 270.625
6892        47U      795   397.5
6892        79U      185    92.5
6892        81U   176.25  88.125
6892        82U      265   132.5
6892        83U      225   112.5
6892        89U      185    92.5
6893        10U    255.5  127.75
6893        14U      598     299
6893        41U      795   397.5
6893        43U      260     130
6893        44U      805   402.5
6893        48U      185    92.5
6893        52U        1     0.5
6893        60U      517   258.5
6893        61U      530     265
6893        82U      950     475
6898        AMA   376.84  188.42
6898        SMA    320.5  160.25
6898        TMA   179.11  89.555
6898        10U   331.67 165.835
6898        11U   407.89 203.945
6898        12U      480     240
6898        13U    225.5  112.75
6898        18U      105    52.5
6898        19U      180      90
6898        24U      570     285
6898        28U    337.5  168.75
6899        10U    91.56   45.78
6899        12U    96.83  48.415
6899        17U       88      44
6899        18U      103    51.5
8525        G01        1     0.5
8530        E21        1     0.5
8530        E31        1     0.5
8535         43        1     0.5
8555         61      1.5    0.75
8556         45        1     0.5
8556         55        5     2.5
8556         59        1     0.5
8556        999        1     0.5
8580         81        1     0.5
8580        161        1     0.5
8590        0H9        1     0.5
8590        0KF        1     0.5
8590        0LF        1     0.5
9545        ABJ       41    20.5
9545        ABK       12       6
9545        E0C    18.33   9.165
9545        E0G       22      11
9545        FBK       30      15
9545        FBL     72.5   36.25
9545        F0E       45    22.5
9545        F0G       45    22.5
9545        GBK       50      25
9545        GBL       38      19
9545        HBD     71.5   35.75
9545        HBE    68.75  34.375
9545        HBL     86.2    43.1
9545        L0E     27.5   13.75
9545        L0G     25.2    12.6
9545        SBJ     92.5   46.25
9545        SBK      109    54.5
9545          6       18       9
9545        206       50      25
9545        6BD       50      25
9545        6BE      6.5    3.25
9545        7BC       65    32.5
9545        7BD     18.4     9.2
9545        7BE     31.5   15.75
9545        8BJ     31.5   15.75
9545        9BD    43.44   21.72
9545        9BE     26.4    13.2
9545        999    26.32   13.16
9546        U1A       52      26
9546        U1C    122.5   61.25
9546        U11       77    38.5
9546        U13      125    62.5
9546        U2A      155    77.5
9546        U2B       76      38
9546        U2H       92      46
9546        U2J     91.4    45.7
9546        U21       98      49
9546        U22   106.75  53.375
9546        U27       94      47
9546        U28    55.33  27.665
9546        U3A   160.94   80.47
9546        U3B   122.67  61.335
9546        U3L    125.9   62.95
9546        U4A   149.53  74.765
9546        U4B   146.85  73.425
9546        U9A    189.4    94.7
9546        U9B   199.25  99.625
9546        U9E   309.07 154.535
9546        U9H   209.54  104.77
9546        999    175.9   87.95
9547        U0A     51.5   25.75
9547        U01    80.14   40.07
9547        U3A       76      38
9547        U3F       45    22.5
9547        U3R       65    32.5
9547        U31   101.43  50.715
9547        U4F   153.06   76.53
9547        U4G   189.83  94.915
9547        U4H   151.63  75.815
9547        U4K   182.73  91.365
9547        U4R   202.67 101.335
9547        U4S   145.65  72.825
9547        U6F   107.37  53.685
9547        U6G    98.86   49.43
9547        U6H   102.92   51.46
9547        U6R      154      77
9547        U9C   251.18  125.59
9547        U9J   250.97 125.485
9547        U9K   234.93 117.465
9547        13B    72.14   36.07
9548        DJA      430     215
9548        DJB    215.5  107.75
9548        EKA      685   342.5
9548        30U   381.29 190.645
9548        31U    235.5  117.75
9548        32U   470.83 235.415
9548        40U   392.22  196.11
9548        51U    292.8   146.4
9548        52U      343   171.5
9549        1AU   347.89 173.945
9549        5AU   489.15 244.575
9549        7AU        1     0.5
9549        7BU   771.75 385.875
9549        71U     1165   582.5
9549        72U  1081.22  540.61
9549        81U     1145   572.5
9549        82U     1220     610
9552        30J       22      11
9552        999       20      10
9553        0BB        1     0.5
9553        0B7        1     0.5
9556        DBA        1     0.5
9556        DED        1     0.5
9556        DE9        1     0.5
9556        0BA        1     0.5
9556        999      3.5    1.75
9557        KBG        1     0.5
9557        999        1     0.5
9576        BNB        1     0.5
9576        DUA        1     0.5
9576        0UA        1     0.5
9576        999        1     0.5
9577        BNB        1     0.5
9577        DNG        1     0.5
9577        KNG        1     0.5
9577        KUA        1     0.5
9577        ONF        1     0.5
9577        0NF        1     0.5
9577        999        1     0.5
9590        DLG        1     0.5
9590        999        1     0.5

@


1.3
log
@No change - 1
@
text
@a718 1
============= Remove this line =================
@


1.2
log
@xx
@
text
@d719 1
@


1.1
log
@New data gars data files
@
text
@d1 1
a1 1
2137        E26      165    82.5
@

