ANET Simulation

335
9
0
1
0
0
26.000000
8.000000
10.000000
100000.000000
CardPlant
1
1
1.000000
-1 1091959.000000
02G1397
2
1
0
1.000000
0
      44866 39982 7132 2510 17505 16011 0 0 0 
03G9476
2
1
0
1.000000
0
      6909 5062 538 344 8425 11848 2503 2753 1570 
03G9565
2
1
0
1.000000
0
      1074 3043 428 695 1538 412 0 0 0 
04G1992
2
1
0
1.000000
0
      1627 2130 5544 0 0 0 0 0 0 
04G3871
2
1
0
1.000000
-1 0.000000
06G6411
2
1
0
1.000000
0
      7953 4213 17456 485 645 1290 0 0 0 
06G6413
2
1
0
1.000000
0
      16934 11367 16089 1019 2433 330 0 0 0 
06G6870
2
1
0
1.000000
0
      7848 13040 14072 3163 5979 914 0 0 0 
07G8264
2
1
0
1.000000
0
      407 19 21 32 78 0 0 0 0 
08G3028
2
1
0
1.000000
0
      46 3285 10655 390 5359 16449 2518 2669 1570 
08G4791
2
1
0
1.000000
0
      19503 17301 42331 12280 16133 33793 3622 10856 2257 
09G9072
2
1
0
1.000000
0
      34043 12376 8118 12674 1630 17963 2205 2331 1372 
09G9840
2
1
0
1.000000
0
      53886 7287 83601 11900 20799 70439 0 0 0 
10G3511
2
1
0
1.000000
0
      16502 12830 42501 0 0 0 0 0 0 
10G3719
2
1
0
1.000000
0
      18575 11767 3129 270 3153 5542 0 0 0 
10G4672
2
1
0
1.000000
0
      73632 84232 31921 11476 39133 42217 0 0 0 
10G4716
2
1
0
1.000000
0
      659 2208 2566 2 1 1 5 0 0 
10G5029
2
1
0
1.000000
0
      13769 10366 32571 9384 0 0 0 0 0 
10G6793
2
1
0
1.000000
0
      1 1987 0 0 0 0 0 0 0 
10G7172
2
1
0
1.000000
0
      2938 0 14 7 6 5 27 0 0 
10G7176
2
1
0
1.000000
0
      8644 24791 8426 0 9195 5751 0 0 0 
10G7426
2
1
0
1.000000
0
      859 748 367 477 1339 355 341 315 196 
10G7459
2
1
0
1.000000
0
      861 741 344 480 1363 360 341 315 196 
10G7648
2
1
0
1.000000
0
      12681 11275 32652 9916 0 0 0 0 0 
10G7730
2
1
0
1.000000
0
      7818 14840 143776 20158 18076 20655 13319 12620 7850 
10G7808
2
1
0
1.000000
0
      10134 16631 21480 3233 11164 4090 1673 1577 981 
17G3176
2
1
0
1.000000
0
      0 0 0 4738 5734 8237 6466 6467 4958 
23F0214
2
1
0
1.000000
0
      913 0 0 0 0 0 0 0 0 
23F0338
2
1
0
1.000000
0
      5610 0 0 0 0 0 0 0 0 
23F0339
2
1
0
1.000000
0
      1656 0 0 0 0 0 0 0 0 
31F2081
2
1
0
1.000000
0
      2229 2402 93 481 3767 4496 0 925 589 
31F2249
2
1
0
1.000000
0
      7550 8119 0 2519 12281 15077 3442 3787 2159 
31F2314
2
1
0
1.000000
0
      5194 28140 34380 3432 14034 21167 2518 2669 1570 
32G6463
2
1
0
1.000000
0
      14164 7244 30854 5629 0 0 0 0 0 
33F5018
2
1
0
1.000000
0
      3647 0 0 0 0 0 0 0 0 
33F5469
2
1
0
1.000000
0
      6115 37846 12482 6297 8871 0 0 0 0 
33F5498
2
1
0
1.000000
0
      3892 80 0 0 0 0 0 0 0 
33F5571
2
1
0
1.000000
0
      1476 0 0 0 0 0 0 0 0 
33F5944
2
1
0
1.000000
0
      18307 0 0 0 0 0 0 0 0 
33F6904
2
1
0
1.000000
0
      16482 8048 41189 0 0 0 0 0 0 
33F8714
2
1
0
1.000000
-1 0.000000
33F8741
2
1
0
1.000000
0
      3411 613 2912 0 0 0 0 0 0 
33G0327
2
1
0
1.000000
0
      56813 31689 4136 0 13063 10855 0 0 0 
33G0329
2
1
0
1.000000
0
      236 3 109 2623 1574 1517 1575 1721 981 
34G2708
2
1
0
1.000000
0
      734 663 0 270 1279 1196 313 345 196 
34G2873
2
1
0
1.000000
0
      340122 174004 57955 36753 180970 139908 0 0 0 
37F0728
2
1
0
1.000000
0
      11132 0 0 0 0 0 0 0 0 
37F0842
2
1
0
1.000000
0
      2738 18934 6385 3127 4572 0 0 0 0 
37F6670
2
1
0
1.000000
0
      3484 487 318 304 1072 0 0 0 0 
38F8327
2
1
0
1.000000
-1 0.000000
38F8328
2
1
0
1.000000
0
      1590 117 2888 0 0 0 0 0 0 
39G2072
2
1
0
1.000000
0
      61415 23122 6997 289 9817 16119 0 0 0 
39G2077
2
1
0
1.000000
0
      64012 19686 5083 2358 3467 21606 0 0 0 
39G6133
2
1
0
1.000000
0
      35364 19510 25314 8268 10703 23576 2362 9523 1471 
39G6404
2
1
0
1.000000
0
      382 44 131 41 0 88 0 0 0 
39G6470
2
1
0
1.000000
-1 0.000000
41F0302
2
1
0
1.000000
0
      6844 0 0 0 0 0 0 0 0 
41G3901
2
1
0
1.000000
0
      0 0 0 2353 1665 1759 1575 1665 980 
41G9234
2
1
0
1.000000
0
      760 755 48 255 1297 1027 313 344 196 
41G9348
2
1
0
1.000000
0
      39586 21594 10447 4625 16883 23076 0 0 0 
41G9351
2
1
0
1.000000
0
      0 0 0 2353 1665 1759 1575 1665 980 
41G9384
2
1
0
1.000000
0
      718 746 58 276 1088 1255 313 345 196 
42G2859
2
1
0
1.000000
0
      3189 9599 14855 1733 7870 581 0 0 0 
42G3073
2
1
0
1.000000
0
      5918 496 0 0 0 0 0 0 0 
42G3181
2
1
0
1.000000
-1 0.000000
42G3369
2
1
0
1.000000
0
      0 0 0 18824 13328 14061 12596 13321 7845 
42G3410
2
1
0
1.000000
0
      0 822 2876 1273 2890 929 666 631 392 
42G3574
2
1
0
1.000000
0
      0 0 0 8131 7999 12195 8761 9266 5448 
49G3401
2
1
0
1.000000
0
      5412 3939 26705 1895 4411 16871 3149 10516 1962 
50G5725
2
1
0
1.000000
0
      0 0 0 2353 1665 1759 1575 1665 980 
50G6950
2
1
0
1.000000
0
      467 8 672 2200 1586 1528 1575 1667 981 
51F1797
2
1
0
1.000000
0
      3702 0 0 0 0 0 0 0 0 
52G9751
2
1
0
1.000000
0
      0 822 3048 1077 2914 929 666 631 392 
55F5207
2
1
0
1.000000
0
      370 778 123 234 846 1002 0 124 255 
55X0528
2
1
0
1.000000
0
      15898 6521 16336 0 0 0 0 0 0 
57F1289
2
1
0
1.000000
0
      6463 7368 0 64 0 0 0 0 0 
57F1499
2
1
0
1.000000
0
      10171 0 0 0 0 0 0 0 0 
57F2194
2
1
0
1.000000
0
      330 1942 515 0 0 0 0 0 0 
57F7462
2
1
0
1.000000
0
      70558 15857 188421 28253 4336 0 0 0 0 
57G8482
2
1
0
1.000000
-1 0.000000
57G8898
2
1
0
1.000000
0
      0 0 0 25096 26429 44248 28547 30515 17754 
57G8900
2
1
0
1.000000
-1 0.000000
57G8909
2
1
0
1.000000
0
      0 0 0 12548 13213 22123 14273 15257 8877 
57X4111
2
1
0
1.000000
0
      16353 0 0 0 0 0 0 0 0 
59G1883
2
1
0
1.000000
0
      0 1644 5909 2353 3403 4269 1331 1262 785 
59G1885
2
1
0
1.000000
0
      0 1644 6024 2107 3437 4366 1331 1262 785 
6128235
2
1
0
1.000000
0
      0 8 5 8 88 267 0 0 0 
6128242
2
1
0
1.000000
0
      15 8 0 0 0 0 0 0 0 
6128263
2
1
0
1.000000
-1 0.000000
61F5433
2
1
0
1.000000
0
      7591 654 18272 2144 3646 10037 0 0 0 
61G2106
2
1
0
1.000000
0
      0 0 0 12548 13213 22123 14273 15257 8877 
61G2971
2
1
0
1.000000
0
      0 822 2902 1073 3064 929 666 631 392 
6373553
2
1
0
1.000000
0
      5943 0 53 43 44 162 0 0 0 
63F7520
2
1
0
1.000000
0
      33137 19990 25218 13589 10547 23123 2362 10271 1471 
63F7615
2
1
0
1.000000
0
      14415 0 0 0 0 0 0 0 0 
64F0743
2
1
0
1.000000
-1 0.000000
64F0872
2
1
0
1.000000
0
      0 1012 5099 0 0 0 0 0 0 
64F0942
2
1
0
1.000000
0
      1399 1186 2725 1240 3594 447 332 316 196 
64F3136
2
1
0
1.000000
0
      264 1979 340 16 10 0 0 0 0 
64F3646
2
1
0
1.000000
0
      14296 0 0 0 0 0 0 0 0 
64F4760
2
1
0
1.000000
0
      13008 16066 37085 10582 0 0 0 0 0 
64F5988
2
1
0
1.000000
0
      824 640 0 206 1279 1193 313 345 196 
64F5989
2
1
0
1.000000
0
      794 671 35 280 1237 1155 313 311 196 
64F8781
2
1
0
1.000000
0
      27380 34369 42569 10398 21941 32128 2362 9523 1471 
65X5806
2
1
0
1.000000
0
      916 0 0 0 0 0 0 0 0 
68X2829
2
1
0
1.000000
0
      27584 5091 17512 0 0 0 0 0 0 
68X5706
2
1
0
1.000000
0
      13384 16570 6175 9410 0 0 0 0 0 
68X6127
2
1
0
1.000000
0
      16953 10968 48157 0 0 0 0 0 0 
68X6143
2
1
0
1.000000
0
      4882 16 270 0 0 0 0 0 0 
68X6306
2
1
0
1.000000
0
      15063 64176 26873 8803 24169 1533 0 0 0 
68X6343
2
1
0
1.000000
0
      4544 0 0 0 0 0 0 0 0 
71F7010
2
1
0
1.000000
0
      68054 42557 46629 10953 11295 34345 10053 10631 6251 
71F7011
2
1
0
1.000000
0
      35706 17490 26590 11906 11651 33333 6583 14147 4097 
71F7143
2
1
0
1.000000
0
      8289 23108 44529 143 4956 0 0 0 0 
71F7446
2
1
0
1.000000
0
      31219 33789 82286 8969 17432 30835 2664 2524 1570 
71F7755
2
1
0
1.000000
-1 0.000000
72X7377
2
1
0
1.000000
0
      15852 0 0 0 0 0 0 0 0 
72X8287
2
1
0
1.000000
0
      16825 0 0 0 0 0 0 0 0 
73F8958
2
1
0
1.000000
0
      18609 19869 11245 2056 6189 7758 0 0 0 
74F5160
2
1
0
1.000000
0
      2440 15264 8910 2200 5956 383 0 0 0 
74F9410
2
1
0
1.000000
0
      2972 3251 128 0 556 752 0 0 0 
78F1639
2
1
0
1.000000
0
      880 740 300 433 1422 368 341 315 196 
78F1659
2
1
0
1.000000
0
      983 5847 1754 0 0 0 0 0 0 
78X8905
2
1
0
1.000000
0
      0 0 59 39 23 127 0 0 0 
78X8906
2
1
0
1.000000
0
      10427 10120 0 0 0 0 0 0 0 
78X8943
2
1
0
1.000000
0
      6208 8505 0 0 0 0 0 0 0 
79F4013
2
1
0
1.000000
0
      8459 0 51 45 30 151 0 0 0 
79F4015
2
1
0
1.000000
0
      3771 550 0 0 0 0 0 0 0 
79F4016
2
1
0
1.000000
0
      13475 1404 0 0 0 0 0 0 0 
79F4017
2
1
0
1.000000
0
      7060 0 92 51 52 204 0 0 0 
79F4041
2
1
0
1.000000
0
      20888 12065 10857 2595 3666 17496 665 2059 512 
79F4042
2
1
0
1.000000
0
      53042 24651 19844 0 17585 33060 2464 6509 1893 
81F8814
2
1
0
1.000000
0
      7624 31497 19536 3134 7649 718 0 0 0 
82F6771
2
1
0
1.000000
0
      39968 34046 8817 6329 13598 24229 0 0 0 
84F7985
2
1
0
1.000000
0
      39724 17590 108923 11346 0 0 0 0 0 
84F8316
2
1
0
1.000000
0
      1001 990 2197 275 3873 2333 311 257 196 
84F9161
2
1
0
1.000000
0
      6838 1994 19246 2143 3469 8652 0 0 0 
84F9344
2
1
0
1.000000
0
      2892 16986 8655 1807 4430 383 0 0 0 
85F0464
2
1
0
1.000000
0
      3290 18307 9949 121 8658 5420 314 335 196 
87F4796
2
1
0
1.000000
0
      11028 6977 14381 1612 1566 6779 0 0 0 
87F5041
2
1
0
1.000000
0
      1005 7119 1483 1429 2464 190 0 0 0 
89F5415
2
1
0
1.000000
0
      49850 38944 36847 12712 10082 20348 2362 9523 1471 
89F5724
2
1
0
1.000000
0
      42551 44845 35339 6735 20004 19311 2362 9524 1471 
89X8922
2
1
0
1.000000
0
      4428 1730 4643 2034 6535 0 0 0 0 
90X8029
2
1
0
1.000000
0
      376 25 10 176 2 0 0 0 0 
90X8134
2
1
0
1.000000
0
      466 1106 556 0 93 60 325 0 0 
91F7490
2
1
0
1.000000
0
      11762 9199 46922 8417 0 0 0 0 0 
91F9873
2
1
0
1.000000
0
      27229 131881 53796 17606 47652 3067 0 0 0 
91F9906
2
1
0
1.000000
0
      59766 28574 5224 944 13857 8532 0 0 0 
92F0620
2
1
0
1.000000
0
      16064 0 11922 3920 5428 19449 0 0 0 
92F0769
2
1
0
1.000000
0
      6906 0 0 96 0 0 0 0 0 
92F1186
2
1
0
1.000000
0
      339 2046 460 0 0 0 0 0 0 
92F1379
2
1
0
1.000000
0
      831 751 295 513 1361 392 341 315 196 
92F1426
2
1
0
1.000000
0
      1536 77 20 228 433 485 0 0 0 
92F1447
2
1
0
1.000000
0
      877 754 255 530 1359 370 341 315 196 
92F1495
2
1
0
1.000000
0
      11611 12415 42243 10464 0 0 0 0 0 
92F1596
2
1
0
1.000000
0
      2312 2598 8422 458 542 462 331 334 256 
92F1600
2
1
0
1.000000
0
      6459 256 2327 0 0 0 0 0 0 
92F2544
2
1
0
1.000000
0
      0 0 0 14966 14853 23847 15847 16923 9858 
92F2613
2
1
0
1.000000
0
      0 378 3393 973 2881 1009 666 666 512 
92F4530
2
1
0
1.000000
0
      2187 52 235 54 70 43 170 0 0 
93X1105
2
1
0
1.000000
0
      1581 0 31 33 27 100 0 0 0 
95F1255
2
1
0
1.000000
0
      1731 86 202 408 508 400 78 0 0 
95F3540
2
1
0
1.000000
0
      26309 32363 26536 4814 1874 9803 0 0 0 
95F7203
2
1
0
1.000000
0
      1 13694 38470 0 0 0 0 0 0 
96F1920
2
1
0
1.000000
0
      990 737 330 424 1313 352 341 315 196 
96F1921
2
1
0
1.000000
0
      665 874 61 250 1355 936 313 344 196 
96F1992
2
1
0
1.000000
0
      967 786 296 404 1315 373 341 315 196 
96F7690
2
1
0
1.000000
0
      44191 39261 5923 1944 19864 15652 0 0 0 
98F1536
2
1
0
1.000000
0
      429 1893 1034 3386 4833 5640 4259 3783 2351 
00F2125
3
4
1
0
1.000000
0
      283 0 0 0 0 0 0 0 0 
-1 0.300000
-1 100
-1 0.000000
-1 0.000000
CardPlant
0.000000
3.000000
0
0
8
0
57F1289
0.000000
1.000000
0
0
8
0
68X5706
0.000000
2.000000
0
0
8
0
78X8943
0.000000
1.000000
0
0
8
0
04G1614
3
7
1
0
1.000000
0
      2011 0 0 0 0 0 0 0 0 
-1 0.700000
-1 100
-1 0.000000
-1 0.000000
CardPlant
0.000000
4.720218
0
0
8
0
09G9840
0.000000
8.000000
0
0
8
0
61F5433
0.000000
1.000000
0
0
8
0
71F7446
0.000000
4.000000
0
0
8
0
84F7985
0.000000
1.000000
0
0
8
0
84F9161
0.000000
1.000000
0
0
8
0
87F4796
0.000000
1.000000
0
0
8
0
04G3888
3
6
1
0
1.000000
0
      4201 0 0 0 0 0 0 0 0 
-1 0.300000
-1 100
-1 0.000000
-1 0.000000
CardPlant
0.000000
4.539032
0
0
8
0
10G7730
0.000000
8.000000
0
0
8
0
31F2314
0.000000
2.000000
0
0
8
0
64F0942
0.000000
1.000000
0
0
8
0
84F8316
0.000000
1.000000
0
0
8
0
85F0464
0.000000
1.000000
0
0
8
0
04G3935
3
12
1
0
1.000000
0
      2157 0 0 0 0 0 0 0 0 
-1 0.300000
-1 100
-1 0.000000
-1 0.000000
CardPlant
0.000000
6.840641
0
0
8
0
04G1992
0.000000
1.000000
0
0
8
0
10G5029
0.000000
1.000000
0
0
8
0
10G7648
0.000000
1.000000
0
0
8
0
57F7462
0.000000
10.000000
0
0
8
0
64F4760
0.000000
2.000000
0
0
8
0
71F7010
0.000000
2.000000
0
0
8
0
71F7143
0.000000
2.000000
0
0
8
0
84F7985
0.000000
2.000000
0
0
8
0
91F7490
0.000000
2.000000
0
0
8
0
92F1495
0.000000
2.000000
0
0
8
0
92F1600
0.000000
1.000000
0
0
8
0
06G7007
3
7
1
0
1.000000
0
      384 0 0 0 0 0 0 0 0 
-1 0.300000
-1 100
-1 0.000000
-1 0.000000
CardPlant
0.000000
3.513120
0
0
8
0
06G6870
0.000000
1.000000
0
0
8
0
10G7808
0.000000
1.000000
0
0
8
0
42G2859
0.000000
1.000000
0
0
8
0
64F8781
0.000000
1.000000
0
0
8
0
89F5415
0.000000
1.000000
0
0
8
0
89F5724
0.000000
1.000000
0
0
8
0
07G0459
3
7
1
0
1.000000
0
      602 0 0 0 0 0 0 0 0 
-1 0.300000
-1 100
-1 0.000000
-1 0.000000
CardPlant
0.000000
4.798808
0
0
8
0
03G9565
0.000000
1.000000
0
0
8
0
06G6870
0.000000
1.000000
0
0
8
0
10G7808
0.000000
1.000000
0
0
8
0
64F8781
0.000000
1.000000
0
0
8
0
89F5415
0.000000
1.000000
0
0
8
0
89F5724
0.000000
1.000000
0
0
8
0
10G4692
3
1
1
0
1.000000
0
      2053 0 0 0 0 0 0 0 0 
-1 0.700000
-1 100
-1 0.000000
-1 0.000000
CardPlant
0.000000
1.132284
0
0
8
0
10G4791
3
18
1
0
1.000000
0
      72 0 0 0 0 0 0 0 0 
-1 0.300000
-1 100
-1 0.000000
-1 0.000000
CardPlant
0.000000
3.933546
0
0
8
0
03G9476
0.000000
8.000000
0
0
8
0
10G7426
0.000000
1.000000
0
0
8
0
10G7459
0.000000
1.000000
0
0
8
0
10G7808
0.000000
1.000000
0
0
8
0
31F2081
0.000000
3.000000
0
0
8
0
31F2249
0.000000
11.000000
0
0
8
0
34G2708
0.000000
1.000000
0
0
8
0
41G9234
0.000000
1.000000
0
0
8
0
41G9384
0.000000
1.000000
0
0
8
0
64F5988
0.000000
1.000000
0
0
8
0
64F5989
0.000000
1.000000
0
0
8
0
78F1639
0.000000
1.000000
0
0
8
0
92F1379
0.000000
1.000000
0
0
8
0
92F1447
0.000000
1.000000
0
0
8
0
96F1920
0.000000
1.000000
0
0
8
0
96F1921
0.000000
1.000000
0
0
8
0
96F1992
0.000000
1.000000
0
0
8
0
10G6792
3
10
1
0
1.000000
0
      3471 0 0 0 0 0 0 0 0 
-1 0.300000
-1 100
-1 0.000000
-1 0.000000
CardPlant
0.000000
6.840641
0
0
8
0
10G5029
0.000000
1.000000
0
0
8
0
10G7648
0.000000
1.000000
0
0
8
0
32G6463
0.000000
1.000000
0
0
8
0
57F7462
0.000000
5.000000
0
0
8
0
64F4760
0.000000
1.000000
0
0
8
0
71F7010
0.000000
1.000000
0
0
8
0
84F7985
0.000000
1.000000
0
0
8
0
91F7490
0.000000
1.000000
0
0
8
0
92F1495
0.000000
1.000000
0
0
8
0
10G7774
3
6
1
0
1.000000
0
      146 0 0 0 0 0 0 0 0 
-1 0.300000
-1 100
-1 0.000000
-1 0.000000
CardPlant
0.000000
4.420779
0
0
8
0
10G7730
0.000000
8.000000
0
0
8
0
42G3073
0.000000
2.000000
0
0
8
0
64F0942
0.000000
1.000000
0
0
8
0
84F8316
0.000000
1.000000
0
0
8
0
85F0464
0.000000
1.000000
0
0
8
0
33F5539
3
5
1
0
1.000000
0
      1634 0 0 0 0 0 0 0 0 
-1 0.300000
-1 100
-1 0.000000
-1 0.000000
CardPlant
0.000000
3.000000
0
0
8
0
33F8741
0.000000
3.000000
0
0
8
0
41F0302
0.000000
2.000000
0
0
8
0
68X2829
0.000000
16.000000
0
0
8
0
68X5706
0.000000
8.000000
0
0
8
0
39G2661
3
10
1
0
1.000000
0
      654 0 0 0 0 0 0 0 0 
-1 0.700000
-1 100
-1 0.000000
-1 0.000000
CardPlant
0.000000
8.457687
0
0
8
0
08G4791
0.000000
1.000000
0
0
8
0
09G9072
0.000000
1.000000
0
0
8
0
10G4672
0.000000
1.000000
0
0
8
0
39G6133
0.000000
1.000000
0
0
8
0
63F7520
0.000000
1.000000
0
0
8
0
64F8781
0.000000
1.000000
0
0
8
0
71F7011
0.000000
1.000000
0
0
8
0
89F5415
0.000000
1.000000
0
0
8
0
89F5724
0.000000
1.000000
0
0
8
0
39G2675
3
10
1
0
1.000000
0
      142 0 0 0 0 0 0 0 0 
-1 0.300000
-1 100
-1 0.000000
-1 0.000000
CardPlant
0.000000
6.461262
0
0
8
0
02G1397
0.000000
2.000000
0
0
8
0
10G4672
0.000000
2.000000
0
0
8
0
33G0327
0.000000
1.000000
0
0
8
0
33G0329
0.000000
1.000000
0
0
8
0
39G6404
0.000000
2.000000
0
0
8
0
50G6950
0.000000
2.000000
0
0
8
0
71F7011
0.000000
2.000000
0
0
8
0
91F9906
0.000000
2.000000
0
0
8
0
96F7690
0.000000
2.000000
0
0
8
0
39G3297
3
3
1
0
1.000000
-1 0.000000
-1 0.300000
-1 100
-1 0.000000
-1 0.000000
CardPlant
0.000000
1.006424
0
0
8
0
42G3410
0.000000
1.000000
0
0
8
0
71F7446
0.000000
4.000000
0
0
8
0
39G5689
3
10
1
0
1.000000
-1 0.000000
-1 0.700000
-1 100
-1 0.000000
-1 0.000000
CardPlant
0.000000
8.457687
0
0
8
0
08G3028
0.000000
1.000000
0
0
8
0
08G4791
0.000000
1.000000
0
0
8
0
10G4672
0.000000
1.000000
0
0
8
0
49G3401
0.000000
1.000000
0
0
8
0
63F7520
0.000000
1.000000
0
0
8
0
64F8781
0.000000
1.000000
0
0
8
0
71F7011
0.000000
1.000000
0
0
8
0
89F5415
0.000000
1.000000
0
0
8
0
89F5724
0.000000
1.000000
0
0
8
0
39G5693
3
10
1
0
1.000000
-1 0.000000
-1 0.700000
-1 100
-1 0.000000
-1 0.000000
CardPlant
0.000000
8.457687
0
0
8
0
08G3028
0.000000
1.000000
0
0
8
0
08G4791
0.000000
1.000000
0
0
8
0
09G9072
0.000000
1.000000
0
0
8
0
10G4672
0.000000
1.000000
0
0
8
0
63F7520
0.000000
1.000000
0
0
8
0
64F8781
0.000000
1.000000
0
0
8
0
71F7011
0.000000
1.000000
0
0
8
0
89F5415
0.000000
1.000000
0
0
8
0
89F5724
0.000000
1.000000
0
0
8
0
39G6455
3
8
1
0
1.000000
-1 0.000000
-1 0.700000
-1 100
-1 0.000000
-1 0.000000
CardPlant
0.000000
3.000000
0
0
8
0
33G0329
0.000000
1.000000
0
0
8
0
41G3901
0.000000
1.000000
0
0
8
0
41G9351
0.000000
1.000000
0
0
8
0
42G3369
0.000000
8.000000
0
0
8
0
50G5725
0.000000
1.000000
0
0
8
0
50G6950
0.000000
1.000000
0
0
8
0
92F2544
0.000000
1.000000
0
0
8
0
39G6465
3
9
1
0
1.000000
-1 0.000000
-1 0.700000
-1 100
-1 0.000000
-1 0.000000
CardPlant
0.000000
3.000000
0
0
8
0
33G0329
0.000000
1.000000
0
0
8
0
41G3901
0.000000
1.000000
0
0
8
0
41G9351
0.000000
1.000000
0
0
8
0
42G3369
0.000000
8.000000
0
0
8
0
50G5725
0.000000
1.000000
0
0
8
0
50G6950
0.000000
1.000000
0
0
8
0
71F7010
0.000000
1.000000
0
0
8
0
92F2544
0.000000
1.000000
0
0
8
0
39G6479
3
6
1
0
1.000000
-1 0.000000
-1 0.700000
-1 100
-1 0.000000
-1 0.000000
CardPlant
0.000000
3.000000
0
0
8
0
10G4672
0.000000
1.000000
0
0
8
0
39G6470
0.000000
1.000000
0
0
8
0
42G3181
0.000000
1.000000
0
0
8
0
57G8482
0.000000
2.000000
0
0
8
0
71F7011
0.000000
1.000000
0
0
8
0
39G6481
3
6
1
0
1.000000
-1 0.000000
-1 0.700000
-1 100
-1 0.000000
-1 0.000000
CardPlant
0.000000
3.000000
0
0
8
0
10G4672
0.000000
1.000000
0
0
8
0
39G6470
0.000000
1.000000
0
0
8
0
42G3181
0.000000
1.000000
0
0
8
0
57G8482
0.000000
2.000000
0
0
8
0
71F7011
0.000000
1.000000
0
0
8
0
41G3880
3
2
1
0
1.000000
0
      5624 0 0 0 0 0 0 0 0 
-1 0.700000
-1 100
-1 0.000000
-1 0.000000
CardPlant
0.000000
1.132284
0
0
8
0
10G3719
0.000000
1.000000
0
0
8
0
41G3928
3
1
1
0
1.000000
0
      186 0 0 0 0 0 0 0 0 
-1 0.300000
-1 100
-1 0.000000
-1 0.000000
CardPlant
0.000000
1.132284
0
0
8
0
41G9667
3
12
1
0
1.000000
-1 0.000000
-1 0.300000
-1 100
-1 0.000000
-1 0.000000
CardPlant
0.000000
4.539032
0
0
8
0
08G3028
0.000000
4.000000
0
0
8
0
08G4791
0.000000
2.000000
0
0
8
0
10G4672
0.000000
2.000000
0
0
8
0
10G7730
0.000000
16.000000
0
0
8
0
10G7808
0.000000
2.000000
0
0
8
0
31F2314
0.000000
4.000000
0
0
8
0
49G3401
0.000000
2.000000
0
0
8
0
52G9751
0.000000
1.000000
0
0
8
0
59G1883
0.000000
2.000000
0
0
8
0
59G1885
0.000000
2.000000
0
0
8
0
61G2971
0.000000
1.000000
0
0
8
0
52G7668
3
7
1
0
1.000000
-1 0.000000
-1 0.700000
-1 100
-1 0.000000
-1 0.000000
CardPlant
0.000000
4.013664
0
0
8
0
49G3401
0.000000
1.000000
0
0
8
0
57G8898
0.000000
2.000000
0
0
8
0
57G8909
0.000000
1.000000
0
0
8
0
61G2106
0.000000
1.000000
0
0
8
0
71F7010
0.000000
1.000000
0
0
8
0
92F2544
0.000000
1.000000
0
0
8
0
52G7669
3
7
1
0
1.000000
-1 0.000000
-1 0.700000
-1 100
-1 0.000000
-1 0.000000
CardPlant
0.000000
4.013664
0
0
8
0
49G3401
0.000000
1.000000
0
0
8
0
57G8898
0.000000
2.000000
0
0
8
0
57G8909
0.000000
1.000000
0
0
8
0
61G2106
0.000000
1.000000
0
0
8
0
71F7011
0.000000
1.000000
0
0
8
0
92F2544
0.000000
1.000000
0
0
8
0
53G2454
3
7
1
0
1.000000
-1 0.000000
-1 0.700000
-1 100
-1 0.000000
-1 0.000000
CardPlant
0.000000
4.013664
0
0
8
0
42G3574
0.000000
1.000000
0
0
8
0
57G8898
0.000000
2.000000
0
0
8
0
57G8909
0.000000
1.000000
0
0
8
0
61G2106
0.000000
1.000000
0
0
8
0
71F7010
0.000000
1.000000
0
0
8
0
92F2544
0.000000
1.000000
0
0
8
0
53G2455
3
7
1
0
1.000000
-1 0.000000
-1 0.700000
-1 100
-1 0.000000
-1 0.000000
CardPlant
0.000000
4.013664
0
0
8
0
42G3574
0.000000
1.000000
0
0
8
0
57G8898
0.000000
2.000000
0
0
8
0
57G8909
0.000000
1.000000
0
0
8
0
61G2106
0.000000
1.000000
0
0
8
0
71F7011
0.000000
1.000000
0
0
8
0
92F2544
0.000000
1.000000
0
0
8
0
53G2481
3
7
1
0
1.000000
-1 0.000000
-1 0.700000
-1 100
-1 0.000000
-1 0.000000
CardPlant
0.000000
4.013664
0
0
8
0
57G8898
0.000000
2.000000
0
0
8
0
57G8909
0.000000
1.000000
0
0
8
0
61G2106
0.000000
1.000000
0
0
8
0
71F7010
0.000000
1.000000
0
0
8
0
92F2544
0.000000
1.000000
0
0
8
0
98F1536
0.000000
1.000000
0
0
8
0
53G2482
3
7
1
0
1.000000
-1 0.000000
-1 0.700000
-1 100
-1 0.000000
-1 0.000000
CardPlant
0.000000
4.013664
0
0
8
0
57G8898
0.000000
2.000000
0
0
8
0
57G8909
0.000000
1.000000
0
0
8
0
61G2106
0.000000
1.000000
0
0
8
0
71F7011
0.000000
1.000000
0
0
8
0
92F2544
0.000000
1.000000
0
0
8
0
98F1536
0.000000
1.000000
0
0
8
0
64F0870
3
2
1
0
1.000000
0
      7605 0 0 0 0 0 0 0 0 
-1 0.700000
-1 100
-1 0.000000
-1 0.000000
CardPlant
0.000000
1.132284
0
0
8
0
64F0872
0.000000
1.000000
0
0
8
0
68G2669
3
7
1
0
1.000000
-1 0.000000
-1 0.700000
-1 100
-1 0.000000
-1 0.000000
CardPlant
0.000000
3.000000
0
0
8
0
09G9072
0.000000
1.000000
0
0
8
0
10G4672
0.000000
1.000000
0
0
8
0
39G6470
0.000000
1.000000
0
0
8
0
42G3181
0.000000
1.000000
0
0
8
0
57G8482
0.000000
2.000000
0
0
8
0
71F7011
0.000000
1.000000
0
0
8
0
68G2670
3
8
1
0
1.000000
-1 0.000000
-1 0.700000
-1 100
-1 0.000000
-1 0.000000
CardPlant
0.000000
3.000000
0
0
8
0
09G9072
0.000000
1.000000
0
0
8
0
10G4672
0.000000
1.000000
0
0
8
0
39G6470
0.000000
1.000000
0
0
8
0
42G3181
0.000000
1.000000
0
0
8
0
57G8482
0.000000
2.000000
0
0
8
0
57G8900
0.000000
1.000000
0
0
8
0
71F7011
0.000000
1.000000
0
0
8
0
78X9031
3
1
1
0
1.000000
0
      7117 0 0 0 0 0 0 0 0 
-1 0.700000
-1 100
-1 0.000000
-1 0.000000
CardPlant
0.000000
1.132284
0
0
8
0
81F8822
3
2
1
0
1.000000
0
      2460 0 0 0 0 0 0 0 0 
-1 0.300000
-1 100
-1 0.000000
-1 0.000000
CardPlant
0.000000
1.132284
0
0
8
0
81F8814
0.000000
1.000000
0
0
8
0
81F8827
3
3
1
0
1.000000
0
      776 0 0 0 0 0 0 0 0 
-1 0.300000
-1 100
-1 0.000000
-1 0.000000
CardPlant
0.000000
1.132284
0
0
8
0
81F8814
0.000000
1.000000
0
0
8
0
87F5041
0.000000
2.000000
0
0
8
0
81F8846
3
3
1
0
1.000000
0
      764 0 0 0 0 0 0 0 0 
-1 0.300000
-1 100
-1 0.000000
-1 0.000000
CardPlant
0.000000
0.671642
0
0
8
0
31F2314
0.000000
2.000000
0
0
8
0
81F8814
0.000000
1.000000
0
0
8
0
84F9352
3
8
1
0
1.000000
0
      1739 0 0 0 0 0 0 0 0 
-1 0.300000
-1 100
-1 0.000000
-1 0.000000
CardPlant
0.000000
5.569847
0
0
8
0
33F5469
0.000000
2.000000
0
0
8
0
37F0842
0.000000
1.000000
0
0
8
0
68X6306
0.000000
4.000000
0
0
8
0
74F5160
0.000000
1.000000
0
0
8
0
84F9344
0.000000
1.000000
0
0
8
0
85F0464
0.000000
1.000000
0
0
8
0
91F9873
0.000000
8.000000
0
0
8
0
84F9373
3
4
1
0
1.000000
0
      6487 0 0 0 0 0 0 0 0 
-1 0.700000
-1 100
-1 0.000000
-1 0.000000
CardPlant
0.000000
6.238408
0
0
8
0
23F0214
0.000000
2.000000
0
0
8
0
23F0339
0.000000
1.000000
0
0
8
0
33F5571
0.000000
2.000000
0
0
8
0
84F9503
3
5
1
0
1.000000
-1 0.000000
-1 0.300000
-1 100
-1 0.000000
-1 0.000000
CardPlant
0.000000
3.000000
0
0
8
0
33F8741
0.000000
2.000000
0
0
8
0
37F6670
0.000000
2.000000
0
0
8
0
68X2829
0.000000
16.000000
0
0
8
0
68X5706
0.000000
8.000000
0
0
8
0
85F0443
3
8
1
0
1.000000
0
      571 0 0 0 0 0 0 0 0 
-1 0.300000
-1 100
-1 0.000000
-1 0.000000
CardPlant
0.000000
4.952095
0
0
8
0
23F0338
0.000000
1.000000
0
0
8
0
33F5018
0.000000
2.000000
0
0
8
0
33F5944
0.000000
2.000000
0
0
8
0
57X4111
0.000000
2.000000
0
0
8
0
63F7520
0.000000
2.000000
0
0
8
0
68X6127
0.000000
6.000000
0
0
8
0
68X6143
0.000000
4.000000
0
0
8
0
85F0489
3
6
1
0
1.000000
0
      63 0 0 0 0 0 0 0 0 
-1 0.700000
-1 100
-1 0.000000
-1 0.000000
CardPlant
0.000000
6.238408
0
0
8
0
57X4111
0.000000
1.000000
0
0
8
0
63F7520
0.000000
1.000000
0
0
8
0
64F0743
0.000000
1.000000
0
0
8
0
65X5806
0.000000
1.000000
0
0
8
0
71F7755
0.000000
1.000000
0
0
8
0
87F4800
3
12
1
0
1.000000
0
      1983 0 0 0 0 0 0 0 0 
-1 0.300000
-1 100
-1 0.000000
-1 0.000000
CardPlant
0.000000
6.461262
0
0
8
0
02G1397
0.000000
1.000000
0
0
8
0
10G4672
0.000000
1.000000
0
0
8
0
33G0327
0.000000
1.000000
0
0
8
0
34G2873
0.000000
8.000000
0
0
8
0
39G2072
0.000000
1.000000
0
0
8
0
39G2077
0.000000
1.000000
0
0
8
0
41G9348
0.000000
1.000000
0
0
8
0
71F7010
0.000000
1.000000
0
0
8
0
82F6771
0.000000
1.000000
0
0
8
0
91F9906
0.000000
1.000000
0
0
8
0
96F7690
0.000000
1.000000
0
0
8
0
87F4808
3
12
1
0
1.000000
0
      237 0 0 0 0 0 0 0 0 
-1 0.300000
-1 100
-1 0.000000
-1 0.000000
CardPlant
0.000000
8.109115
0
0
8
0
02G1397
0.000000
1.000000
0
0
8
0
10G4672
0.000000
1.000000
0
0
8
0
33G0327
0.000000
1.000000
0
0
8
0
34G2873
0.000000
8.000000
0
0
8
0
39G2072
0.000000
1.000000
0
0
8
0
39G2077
0.000000
1.000000
0
0
8
0
41G9348
0.000000
1.000000
0
0
8
0
71F7010
0.000000
2.000000
0
0
8
0
82F6771
0.000000
1.000000
0
0
8
0
91F9906
0.000000
1.000000
0
0
8
0
96F7690
0.000000
1.000000
0
0
8
0
87F4821
3
10
1
0
1.000000
0
      1237 0 0 0 0 0 0 0 0 
-1 0.700000
-1 100
-1 0.000000
-1 0.000000
CardPlant
0.000000
8.457687
0
0
8
0
08G4791
0.000000
1.000000
0
0
8
0
10G4672
0.000000
1.000000
0
0
8
0
39G6133
0.000000
1.000000
0
0
8
0
49G3401
0.000000
1.000000
0
0
8
0
63F7520
0.000000
1.000000
0
0
8
0
64F8781
0.000000
1.000000
0
0
8
0
71F7011
0.000000
1.000000
0
0
8
0
89F5415
0.000000
1.000000
0
0
8
0
89F5724
0.000000
1.000000
0
0
8
0
91F7538
3
5
1
0
1.000000
0
      112 0 0 0 0 0 0 0 0 
-1 0.300000
-1 100
-1 0.000000
-1 0.000000
CardPlant
0.000000
4.539032
0
0
8
0
10G7730
0.000000
8.000000
0
0
8
0
64F0942
0.000000
1.000000
0
0
8
0
84F8316
0.000000
1.000000
0
0
8
0
85F0464
0.000000
1.000000
0
0
8
0
91F8279
3
6
1
0
1.000000
0
      4201 0 0 0 0 0 0 0 0 
-1 0.700000
-1 100
-1 0.000000
-1 0.000000
CardPlant
0.000000
6.238408
0
0
8
0
51F1797
0.000000
2.000000
0
0
8
0
57X4111
0.000000
2.000000
0
0
8
0
63F7520
0.000000
1.000000
0
0
8
0
65X5806
0.000000
4.000000
0
0
8
0
90X8134
0.000000
1.000000
0
0
8
0
91F8280
3
6
1
0
1.000000
-1 0.000000
-1 0.700000
-1 100
-1 0.000000
-1 0.000000
CardPlant
0.000000
6.238408
0
0
8
0
51F1797
0.000000
2.000000
0
0
8
0
57X4111
0.000000
2.000000
0
0
8
0
63F7520
0.000000
1.000000
0
0
8
0
65X5806
0.000000
2.000000
0
0
8
0
90X8134
0.000000
1.000000
0
0
8
0
92F0622
3
8
1
0
1.000000
0
      2799 0 0 0 0 0 0 0 0 
-1 0.300000
-1 100
-1 0.000000
-1 0.000000
CardPlant
0.000000
5.221515
0
0
8
0
37F0728
0.000000
1.000000
0
0
8
0
57F1499
0.000000
1.000000
0
0
8
0
61F5433
0.000000
1.000000
0
0
8
0
63F7520
0.000000
1.000000
0
0
8
0
64F3646
0.000000
1.000000
0
0
8
0
68X2829
0.000000
8.000000
0
0
8
0
68X6343
0.000000
1.000000
0
0
8
0
92F0667
3
3
1
0
1.000000
0
      810 0 0 0 0 0 0 0 0 
-1 0.300000
-1 100
-1 0.000000
-1 0.000000
CardPlant
0.000000
0.543191
0
0
8
0
89X8922
0.000000
18.000000
0
0
8
0
90X8029
0.000000
1.000000
0
0
8
0
92F0750
3
5
1
0
1.000000
0
      413 0 0 0 0 0 0 0 0 
-1 0.700000
-1 100
-1 0.000000
-1 0.000000
CardPlant
0.000000
6.238408
0
0
8
0
63F7615
0.000000
3.000000
0
0
8
0
72X7377
0.000000
3.000000
0
0
8
0
72X8287
0.000000
3.000000
0
0
8
0
92F0769
0.000000
3.000000
0
0
8
0
92F2413
3
7
1
0
1.000000
0
      238 0 0 0 0 0 0 0 0 
-1 0.300000
-1 100
-1 0.000000
-1 0.000000
CardPlant
0.000000
3.868022
0
0
8
0
57F2194
0.000000
1.000000
0
0
8
0
64F3136
0.000000
1.000000
0
0
8
0
78F1659
0.000000
3.000000
0
0
8
0
90X8134
0.000000
1.000000
0
0
8
0
92F1186
0.000000
1.000000
0
0
8
0
98F1536
0.000000
1.000000
0
0
8
0
95F6036
3
2
1
0
1.000000
0
      22223 0 0 0 0 0 0 0 0 
-1 0.700000
-1 100
-1 0.000000
-1 0.000000
CardPlant
0.000000
1.132284
0
0
8
0
95F3540
0.000000
1.000000
0
0
8
0
96F7348
3
7
1
0
1.000000
0
      1596 0 0 0 0 0 0 0 0 
-1 0.700000
-1 100
-1 0.000000
-1 0.000000
CardPlant
0.000000
4.720218
0
0
8
0
09G9840
0.000000
2.000000
0
0
8
0
61F5433
0.000000
1.000000
0
0
8
0
71F7446
0.000000
4.000000
0
0
8
0
84F7985
0.000000
1.000000
0
0
8
0
84F9161
0.000000
1.000000
0
0
8
0
87F4796
0.000000
1.000000
0
0
8
0
96F7491
3
6
1
0
1.000000
0
      15580 0 0 0 0 0 0 0 0 
-1 0.700000
-1 100
-1 0.000000
-1 0.000000
CardPlant
0.000000
4.554892
0
0
8
0
10G3511
0.000000
1.000000
0
0
8
0
33F6904
0.000000
1.000000
0
0
8
0
68X6127
0.000000
1.000000
0
0
8
0
71F7143
0.000000
1.000000
0
0
8
0
84F7985
0.000000
1.000000
0
0
8
0
8525001
3
3
1
2
1.000000
-1 0.000000
8525001DMD1
0.000000
0
8
-1 108
0
      124 0 0 0 0 0 0 0 0 
8525001DMD2
0.000000
0
8
-1 218
0
      124 0 0 0 0 0 0 0 0 
-1 0.100000
-1 100
-1 0.000000
-1 0.000000
00F2125
0.000000
1.000000
0
0
8
0
78X8905
0.000000
1.000000
0
0
8
0
78X9031
0.000000
1.000000
0
0
8
0
8525004
3
4
1
2
1.000000
-1 0.000000
8525004DMD1
0.000000
0
8
-1 108
-1 0.000000
8525004DMD2
0.000000
0
8
-1 218
-1 0.000000
-1 0.100000
-1 100
-1 0.000000
-1 0.000000
00F2125
0.000000
1.000000
0
0
8
0
78X8906
0.000000
1.000000
0
0
8
0
78X9031
0.000000
1.000000
0
0
8
0
92F0620
0.000000
1.000000
0
0
8
0
8525006
3
2
1
2
1.000000
-1 0.000000
8525006DMD1
0.000000
0
8
-1 106
0
      770 0 0 0 0 0 0 0 0 
8525006DMD2
0.000000
0
8
-1 216
0
      770 0 0 0 0 0 0 0 0 
-1 0.100000
-1 100
-1 0.000000
-1 0.000000
84F9503
0.000000
1.000000
0
0
8
0
92F0620
0.000000
1.000000
0
0
8
0
8525036
3
3
1
2
1.000000
-1 0.000000
8525036DMD1
0.000000
0
8
-1 110
-1 0.000000
8525036DMD2
0.000000
0
8
-1 220
-1 0.000000
-1 0.100000
-1 100
-1 0.000000
-1 0.000000
38F8327
0.000000
1.000000
0
0
8
0
84F9503
0.000000
1.000000
0
0
8
0
92F0620
0.000000
1.000000
0
0
8
0
8525K00
3
2
1
2
1.000000
-1 0.000000
8525K00DMD1
0.000000
0
8
-1 83
0
      6367 1000 1000 0 0 0 0 0 0 
8525K00DMD2
0.000000
0
8
-1 193
0
      6368 1000 1000 0 0 0 0 0 0 
-1 0.100000
-1 100
-1 0.000000
-1 0.000000
92F0620
0.000000
1.000000
0
0
8
0
96F7348
0.000000
1.000000
0
0
8
0
8525K01
3
2
1
2
1.000000
-1 0.000000
8525K01DMD1
0.000000
0
8
-1 98
0
      2919 500 500 0 0 0 0 0 0 
8525K01DMD2
0.000000
0
8
-1 208
0
      2919 500 500 0 0 0 0 0 0 
-1 0.100000
-1 100
-1 0.000000
-1 0.000000
04G1614
0.000000
1.000000
0
0
8
0
92F0620
0.000000
1.000000
0
0
8
0
8525L02
3
2
1
2
1.000000
-1 0.000000
8525L02DMD1
0.000000
0
8
-1 72
0
      8688 1000 1000 0 0 0 0 0 0 
8525L02DMD2
0.000000
0
8
-1 182
0
      8689 1000 1000 0 0 0 0 0 0 
-1 0.100000
-1 100
-1 0.000000
-1 0.000000
04G1614
0.000000
1.000000
0
0
8
0
92F0620
0.000000
1.000000
0
0
8
0
8530E01
3
1
1
2
1.000000
-1 0.000000
8530E01DMD1
0.000000
0
8
-1 110
-1 0.000000
8530E01DMD2
0.000000
0
8
-1 220
-1 0.000000
-1 0.100000
-1 100
-1 0.000000
-1 0.000000
33F5539
0.000000
1.000000
0
0
8
0
8530E21
3
2
1
2
1.000000
-1 0.000000
8530E21DMD1
0.000000
0
8
-1 109
0
      187 0 0 0 0 0 0 0 0 
8530E21DMD2
0.000000
0
8
-1 219
0
      187 0 0 0 0 0 0 0 0 
-1 0.100000
-1 100
-1 0.000000
-1 0.000000
33F5539
0.000000
1.000000
0
0
8
0
6128235
0.000000
1.000000
0
0
8
0
8530E31
3
2
1
2
1.000000
-1 0.000000
8530E31DMD1
0.000000
0
8
-1 110
-1 0.000000
8530E31DMD2
0.000000
0
8
-1 220
-1 0.000000
-1 0.100000
-1 100
-1 0.000000
-1 0.000000
33F5539
0.000000
1.000000
0
0
8
0
6128242
0.000000
1.000000
0
0
8
0
8530E41
3
2
1
2
1.000000
-1 0.000000
8530E41DMD1
0.000000
0
8
-1 110
-1 0.000000
8530E41DMD2
0.000000
0
8
-1 220
-1 0.000000
-1 0.100000
-1 100
-1 0.000000
-1 0.000000
33F5539
0.000000
1.000000
0
0
8
0
6373553
0.000000
1.000000
0
0
8
0
8535040
3
1
1
2
1.000000
-1 0.000000
8535040DMD1
0.000000
0
8
-1 110
-1 0.000000
8535040DMD2
0.000000
0
8
-1 220
-1 0.000000
-1 0.100000
-1 100
-1 0.000000
-1 0.000000
96F7491
0.000000
1.000000
0
0
8
0
8535043
3
2
1
2
1.000000
-1 0.000000
8535043DMD1
0.000000
0
8
-1 1
0
      22452 0 0 0 0 0 0 0 0 
8535043DMD2
0.000000
0
8
-1 111
0
      22453 0 0 0 0 0 0 0 0 
-1 0.100000
-1 100
-1 0.000000
-1 0.000000
95F7203
0.000000
1.000000
0
0
8
0
96F7491
0.000000
1.000000
0
0
8
0
8535045
3
2
1
2
1.000000
-1 0.000000
8535045DMD1
0.000000
0
8
-1 48
0
      11780 0 0 0 0 0 0 0 0 
8535045DMD2
0.000000
0
8
-1 158
0
      11781 0 0 0 0 0 0 0 0 
-1 0.100000
-1 100
-1 0.000000
-1 0.000000
55X0528
0.000000
1.000000
0
0
8
0
96F7491
0.000000
1.000000
0
0
8
0
853514X
3
2
1
2
1.000000
-1 0.000000
853514XDMD1
0.000000
0
8
-1 110
-1 0.000000
853514XDMD2
0.000000
0
8
-1 220
-1 0.000000
-1 0.100000
-1 100
-1 0.000000
-1 0.000000
04G3871
0.000000
1.000000
0
0
8
0
96F7491
0.000000
1.000000
0
0
8
0
8540043
3
3
1
2
1.000000
-1 0.000000
8540043DMD1
0.000000
0
8
-1 102
0
      1585 0 0 0 0 0 0 0 0 
8540043DMD2
0.000000
0
8
-1 212
0
      1585 0 0 0 0 0 0 0 0 
-1 0.100000
-1 100
-1 0.000000
-1 0.000000
64F0870
0.000000
1.000000
0
0
8
0
95F7203
0.000000
1.000000
0
0
8
0
96F7491
0.000000
1.000000
0
0
8
0
8540045
3
3
1
2
1.000000
-1 0.000000
8540045DMD1
0.000000
0
8
-1 86
0
      4831 0 0 0 0 0 0 0 0 
8540045DMD2
0.000000
0
8
-1 196
0
      4832 0 0 0 0 0 0 0 0 
-1 0.100000
-1 100
-1 0.000000
-1 0.000000
55X0528
0.000000
1.000000
0
0
8
0
64F0870
0.000000
1.000000
0
0
8
0
96F7491
0.000000
1.000000
0
0
8
0
8555041
3
2
1
2
1.000000
-1 0.000000
8555041DMD1
0.000000
0
8
-1 110
-1 0.000000
8555041DMD2
0.000000
0
8
-1 220
-1 0.000000
-1 0.100000
-1 100
-1 0.000000
-1 0.000000
79F4017
0.000000
1.000000
0
0
8
0
92F0622
0.000000
1.000000
0
0
8
0
8555081
3
2
1
2
1.000000
-1 0.000000
8555081DMD1
0.000000
0
8
-1 107
-1 0.000000
8555081DMD2
0.000000
0
8
-1 217
-1 0.000000
-1 0.100000
-1 100
-1 0.000000
-1 0.000000
79F4013
0.000000
1.000000
0
0
8
0
92F0622
0.000000
1.000000
0
0
8
0
8556043
3
3
1
2
1.000000
-1 0.000000
8556043DMD1
0.000000
0
8
-1 105
0
      962 0 0 0 0 0 0 0 0 
8556043DMD2
0.000000
0
8
-1 215
0
      962 0 0 0 0 0 0 0 0 
-1 0.100000
-1 100
-1 0.000000
-1 0.000000
04G3935
0.000000
1.000000
0
0
8
0
38F8328
0.000000
1.000000
0
0
8
0
95F6036
0.000000
1.000000
0
0
8
0
8556045
3
3
1
2
1.000000
-1 0.000000
8556045DMD1
0.000000
0
8
-1 106
0
      839 0 0 0 0 0 0 0 0 
8556045DMD2
0.000000
0
8
-1 216
0
      840 0 0 0 0 0 0 0 0 
-1 0.100000
-1 100
-1 0.000000
-1 0.000000
04G3935
0.000000
1.000000
0
0
8
0
06G6411
0.000000
1.000000
0
0
8
0
95F6036
0.000000
1.000000
0
0
8
0
8556049
3
3
1
2
1.000000
-1 0.000000
8556049DMD1
0.000000
0
8
-1 108
0
      203 0 0 0 0 0 0 0 0 
8556049DMD2
0.000000
0
8
-1 218
0
      203 0 0 0 0 0 0 0 0 
-1 0.100000
-1 100
-1 0.000000
-1 0.000000
04G3935
0.000000
1.000000
0
0
8
0
06G6413
0.000000
1.000000
0
0
8
0
95F6036
0.000000
1.000000
0
0
8
0
8556055
3
3
1
2
1.000000
-1 0.000000
8556055DMD1
0.000000
0
8
-1 74
0
      8644 2000 2000 0 0 0 0 0 0 
8556055DMD2
0.000000
0
8
-1 184
0
      8645 2000 2000 0 0 0 0 0 0 
-1 0.100000
-1 100
-1 0.000000
-1 0.000000
06G6411
0.000000
1.000000
0
0
8
0
10G6792
0.000000
1.000000
0
0
8
0
95F6036
0.000000
1.000000
0
0
8
0
8556059
3
3
1
2
1.000000
-1 0.000000
8556059DMD1
0.000000
0
8
-1 83
0
      5583 0 0 0 0 0 0 0 0 
8556059DMD2
0.000000
0
8
-1 193
0
      5583 0 0 0 0 0 0 0 0 
-1 0.100000
-1 100
-1 0.000000
-1 0.000000
06G6413
0.000000
1.000000
0
0
8
0
10G6792
0.000000
1.000000
0
0
8
0
95F6036
0.000000
1.000000
0
0
8
0
855614X
3
2
1
2
1.000000
-1 0.000000
855614XDMD1
0.000000
0
8
-1 110
-1 0.000000
855614XDMD2
0.000000
0
8
-1 220
-1 0.000000
-1 0.100000
-1 100
-1 0.000000
-1 0.000000
04G3935
0.000000
1.000000
0
0
8
0
95F6036
0.000000
1.000000
0
0
8
0
855615X
3
2
1
2
1.000000
-1 0.000000
855615XDMD1
0.000000
0
8
-1 110
0
      52 0 0 0 0 0 0 0 0 
855615XDMD2
0.000000
0
8
-1 220
0
      52 0 0 0 0 0 0 0 0 
-1 0.100000
-1 100
-1 0.000000
-1 0.000000
10G6792
0.000000
1.000000
0
0
8
0
95F6036
0.000000
1.000000
0
0
8
0
855624X
3
3
1
2
1.000000
-1 0.000000
855624XDMD1
0.000000
0
8
-1 107
0
      706 0 0 0 0 0 0 0 0 
855624XDMD2
0.000000
0
8
-1 217
0
      707 0 0 0 0 0 0 0 0 
-1 0.100000
-1 100
-1 0.000000
-1 0.000000
04G3935
0.000000
1.000000
0
0
8
0
92F4530
0.000000
1.000000
0
0
8
0
95F6036
0.000000
1.000000
0
0
8
0
855625X
3
3
1
2
1.000000
-1 0.000000
855625XDMD1
0.000000
0
8
-1 107
0
      563 0 0 0 0 0 0 0 0 
855625XDMD2
0.000000
0
8
-1 217
0
      563 0 0 0 0 0 0 0 0 
-1 0.100000
-1 100
-1 0.000000
-1 0.000000
10G6792
0.000000
1.000000
0
0
8
0
92F4530
0.000000
1.000000
0
0
8
0
95F6036
0.000000
1.000000
0
0
8
0
8557045
3
3
1
2
1.000000
-1 0.000000
8557045DMD1
0.000000
0
8
-1 110
-1 0.000000
8557045DMD2
0.000000
0
8
-1 220
-1 0.000000
-1 0.100000
-1 100
-1 0.000000
-1 0.000000
04G3935
0.000000
1.000000
0
0
8
0
06G6411
0.000000
1.000000
0
0
8
0
41G3880
0.000000
1.000000
0
0
8
0
8557049
3
3
1
2
1.000000
-1 0.000000
8557049DMD1
0.000000
0
8
-1 110
0
      76 0 0 0 0 0 0 0 0 
8557049DMD2
0.000000
0
8
-1 220
0
      76 0 0 0 0 0 0 0 0 
-1 0.100000
-1 100
-1 0.000000
-1 0.000000
04G3935
0.000000
1.000000
0
0
8
0
06G6413
0.000000
1.000000
0
0
8
0
41G3880
0.000000
1.000000
0
0
8
0
8557055
3
3
1
2
1.000000
-1 0.000000
8557055DMD1
0.000000
0
8
-1 108
0
      348 833 833 0 0 0 0 0 0 
8557055DMD2
0.000000
0
8
-1 218
0
      348 834 834 0 0 0 0 0 0 
-1 0.100000
-1 100
-1 0.000000
-1 0.000000
06G6411
0.000000
1.000000
0
0
8
0
10G6792
0.000000
1.000000
0
0
8
0
41G3880
0.000000
1.000000
0
0
8
0
8557059
3
3
1
2
1.000000
-1 0.000000
8557059DMD1
0.000000
0
8
-1 89
0
      3483 0 0 0 0 0 0 0 0 
8557059DMD2
0.000000
0
8
-1 199
0
      3484 0 0 0 0 0 0 0 0 
-1 0.100000
-1 100
-1 0.000000
-1 0.000000
06G6413
0.000000
1.000000
0
0
8
0
10G6792
0.000000
1.000000
0
0
8
0
41G3880
0.000000
1.000000
0
0
8
0
855705F
3
2
1
2
1.000000
-1 0.000000
855705FDMD1
0.000000
0
8
-1 107
0
      593 0 0 0 0 0 0 0 0 
855705FDMD2
0.000000
0
8
-1 217
0
      593 0 0 0 0 0 0 0 0 
-1 0.100000
-1 100
-1 0.000000
-1 0.000000
10G6793
0.000000
1.000000
0
0
8
0
73F8958
0.000000
1.000000
0
0
8
0
8570081
3
2
1
2
1.000000
-1 0.000000
8570081DMD1
0.000000
0
8
-1 110
-1 0.000000
8570081DMD2
0.000000
0
8
-1 220
-1 0.000000
-1 0.100000
-1 100
-1 0.000000
-1 0.000000
79F4015
0.000000
1.000000
0
0
8
0
85F0443
0.000000
1.000000
0
0
8
0
8570161
3
2
1
2
1.000000
-1 0.000000
8570161DMD1
0.000000
0
8
-1 110
-1 0.000000
8570161DMD2
0.000000
0
8
-1 220
-1 0.000000
-1 0.100000
-1 100
-1 0.000000
-1 0.000000
79F4016
0.000000
1.000000
0
0
8
0
85F0443
0.000000
1.000000
0
0
8
0
8570A16
3
2
1
2
1.000000
-1 0.000000
8570A16DMD1
0.000000
0
8
-1 110
-1 0.000000
8570A16DMD2
0.000000
0
8
-1 220
-1 0.000000
-1 0.100000
-1 100
-1 0.000000
-1 0.000000
79F4016
0.000000
1.000000
0
0
8
0
91F8279
0.000000
1.000000
0
0
8
0
8570A61
3
2
1
2
1.000000
-1 0.000000
8570A61DMD1
0.000000
0
8
-1 110
-1 0.000000
8570A61DMD2
0.000000
0
8
-1 220
-1 0.000000
-1 0.100000
-1 100
-1 0.000000
-1 0.000000
33F8714
0.000000
1.000000
0
0
8
0
91F8280
0.000000
1.000000
0
0
8
0
8570A81
3
2
1
2
1.000000
-1 0.000000
8570A81DMD1
0.000000
0
8
-1 110
0
      21 0 0 0 0 0 0 0 0 
8570A81DMD2
0.000000
0
8
-1 220
0
      22 0 0 0 0 0 0 0 0 
-1 0.100000
-1 100
-1 0.000000
-1 0.000000
79F4015
0.000000
1.000000
0
0
8
0
91F8279
0.000000
1.000000
0
0
8
0
8570B21
3
2
1
2
1.000000
-1 0.000000
8570B21DMD1
0.000000
0
8
-1 110
-1 0.000000
8570B21DMD2
0.000000
0
8
-1 220
-1 0.000000
-1 0.100000
-1 100
-1 0.000000
-1 0.000000
6128263
0.000000
1.000000
0
0
8
0
85F0489
0.000000
1.000000
0
0
8
0
8580081
3
4
1
2
1.000000
-1 0.000000
8580081DMD1
0.000000
0
8
-1 110
-1 0.000000
8580081DMD2
0.000000
0
8
-1 220
-1 0.000000
-1 0.100000
-1 100
-1 0.000000
-1 0.000000
06G6411
0.000000
1.000000
0
0
8
0
10G7172
0.000000
1.000000
0
0
8
0
92F0667
0.000000
2.000000
0
0
8
0
92F0750
0.000000
1.000000
0
0
8
0
8580161
3
4
1
2
1.000000
-1 0.000000
8580161DMD1
0.000000
0
8
-1 109
0
      86 0 0 0 0 0 0 0 0 
8580161DMD2
0.000000
0
8
-1 219
0
      87 0 0 0 0 0 0 0 0 
-1 0.100000
-1 100
-1 0.000000
-1 0.000000
06G6413
0.000000
1.000000
0
0
8
0
10G7172
0.000000
1.000000
0
0
8
0
92F0667
0.000000
2.000000
0
0
8
0
92F0750
0.000000
1.000000
0
0
8
0
8580321
3
4
1
2
1.000000
-1 0.000000
8580321DMD1
0.000000
0
8
-1 110
-1 0.000000
8580321DMD2
0.000000
0
8
-1 220
-1 0.000000
-1 0.100000
-1 100
-1 0.000000
-1 0.000000
10G7172
0.000000
1.000000
0
0
8
0
92F0667
0.000000
2.000000
0
0
8
0
92F0750
0.000000
1.000000
0
0
8
0
93X1105
0.000000
1.000000
0
0
8
0
8580A16
3
4
1
2
1.000000
-1 0.000000
8580A16DMD1
0.000000
0
8
-1 110
-1 0.000000
8580A16DMD2
0.000000
0
8
-1 220
-1 0.000000
-1 0.100000
-1 100
-1 0.000000
-1 0.000000
06G6413
0.000000
1.000000
0
0
8
0
10G7172
0.000000
1.000000
0
0
8
0
33F5498
0.000000
1.000000
0
0
8
0
84F9373
0.000000
1.000000
0
0
8
0
8580A31
3
4
1
2
1.000000
-1 0.000000
8580A31DMD1
0.000000
0
8
-1 110
-1 0.000000
8580A31DMD2
0.000000
0
8
-1 220
-1 0.000000
-1 0.100000
-1 100
-1 0.000000
-1 0.000000
10G7172
0.000000
1.000000
0
0
8
0
33F5498
0.000000
1.000000
0
0
8
0
84F9373
0.000000
1.000000
0
0
8
0
93X1105
0.000000
1.000000
0
0
8
0
85900H5
3
6
1
2
1.000000
-1 0.000000
85900H5DMD1
0.000000
0
8
-1 107
0
      522 0 0 0 0 0 0 0 0 
85900H5DMD2
0.000000
0
8
-1 217
0
      522 0 0 0 0 0 0 0 0 
-1 0.100000
-1 100
-1 0.000000
-1 0.000000
06G6411
0.000000
1.000000
0
0
8
0
07G0459
0.000000
1.000000
0
0
8
0
10G7176
0.000000
1.000000
0
0
8
0
81F8822
0.000000
1.000000
0
0
8
0
81F8827
0.000000
1.000000
0
0
8
0
84F9352
0.000000
1.000000
0
0
8
0
85900H9
3
6
1
2
1.000000
-1 0.000000
85900H9DMD1
0.000000
0
8
-1 96
0
      2909 166 167 0 0 0 0 0 0 
85900H9DMD2
0.000000
0
8
-1 206
0
      2909 167 167 0 0 0 0 0 0 
-1 0.100000
-1 100
-1 0.000000
-1 0.000000
06G6413
0.000000
1.000000
0
0
8
0
07G0459
0.000000
1.000000
0
0
8
0
10G7176
0.000000
1.000000
0
0
8
0
81F8822
0.000000
1.000000
0
0
8
0
81F8827
0.000000
1.000000
0
0
8
0
84F9352
0.000000
1.000000
0
0
8
0
85900K9
3
6
1
2
1.000000
-1 0.000000
85900K9DMD1
0.000000
0
8
-1 107
0
      520 0 0 0 0 0 0 0 0 
85900K9DMD2
0.000000
0
8
-1 217
0
      520 0 0 0 0 0 0 0 0 
-1 0.100000
-1 100
-1 0.000000
-1 0.000000
06G6413
0.000000
1.000000
0
0
8
0
10G7176
0.000000
1.000000
0
0
8
0
81F8822
0.000000
1.000000
0
0
8
0
81F8846
0.000000
1.000000
0
0
8
0
84F9352
0.000000
1.000000
0
0
8
0
92F2413
0.000000
1.000000
0
0
8
0
85900KF
3
6
1
2
1.000000
-1 0.000000
85900KFDMD1
0.000000
0
8
-1 109
0
      177 0 0 0 0 0 0 0 0 
85900KFDMD2
0.000000
0
8
-1 219
0
      178 0 0 0 0 0 0 0 0 
-1 0.100000
-1 100
-1 0.000000
-1 0.000000
10G7176
0.000000
1.000000
0
0
8
0
73F8958
0.000000
1.000000
0
0
8
0
81F8822
0.000000
1.000000
0
0
8
0
81F8846
0.000000
1.000000
0
0
8
0
84F9352
0.000000
1.000000
0
0
8
0
92F2413
0.000000
1.000000
0
0
8
0
85900L9
3
6
1
2
1.000000
-1 0.000000
85900L9DMD1
0.000000
0
8
-1 71
0
      8135 333 333 0 0 0 0 0 0 
85900L9DMD2
0.000000
0
8
-1 181
0
      8135 334 334 0 0 0 0 0 0 
-1 0.100000
-1 100
-1 0.000000
-1 0.000000
06G6413
0.000000
1.000000
0
0
8
0
06G7007
0.000000
1.000000
0
0
8
0
10G7176
0.000000
1.000000
0
0
8
0
81F8822
0.000000
1.000000
0
0
8
0
81F8846
0.000000
1.000000
0
0
8
0
84F9352
0.000000
1.000000
0
0
8
0
85900LF
3
6
1
2
1.000000
-1 0.000000
85900LFDMD1
0.000000
0
8
-1 91
0
      4293 333 333 0 0 0 0 0 0 
85900LFDMD2
0.000000
0
8
-1 201
0
      4293 334 334 0 0 0 0 0 0 
-1 0.100000
-1 100
-1 0.000000
-1 0.000000
06G7007
0.000000
1.000000
0
0
8
0
10G7176
0.000000
1.000000
0
0
8
0
73F8958
0.000000
1.000000
0
0
8
0
81F8822
0.000000
1.000000
0
0
8
0
81F8846
0.000000
1.000000
0
0
8
0
84F9352
0.000000
1.000000
0
0
8
0
85950H9
3
6
1
2
1.000000
-1 0.000000
85950H9DMD1
0.000000
0
8
-1 110
-1 0.000000
85950H9DMD2
0.000000
0
8
-1 220
-1 0.000000
-1 0.100000
-1 100
-1 0.000000
-1 0.000000
04G3888
0.000000
1.000000
0
0
8
0
10G4716
0.000000
1.000000
0
0
8
0
10G7176
0.000000
1.000000
0
0
8
0
73F8958
0.000000
1.000000
0
0
8
0
92F1596
0.000000
1.000000
0
0
8
0
92F2413
0.000000
1.000000
0
0
8
0
85950HF
3
6
1
2
1.000000
-1 0.000000
85950HFDMD1
0.000000
0
8
-1 109
0
      134 0 0 0 0 0 0 0 0 
85950HFDMD2
0.000000
0
8
-1 219
0
      135 0 0 0 0 0 0 0 0 
-1 0.100000
-1 100
-1 0.000000
-1 0.000000
04G3888
0.000000
1.000000
0
0
8
0
07G0459
0.000000
1.000000
0
0
8
0
10G4716
0.000000
1.000000
0
0
8
0
10G7176
0.000000
1.000000
0
0
8
0
73F8958
0.000000
1.000000
0
0
8
0
92F1596
0.000000
1.000000
0
0
8
0
85950LF
3
6
1
2
1.000000
-1 0.000000
85950LFDMD1
0.000000
0
8
-1 98
0
      2349 0 0 0 0 0 0 0 0 
85950LFDMD2
0.000000
0
8
-1 208
0
      2350 0 0 0 0 0 0 0 0 
-1 0.100000
-1 100
-1 0.000000
-1 0.000000
04G3888
0.000000
1.000000
0
0
8
0
06G7007
0.000000
1.000000
0
0
8
0
10G4716
0.000000
1.000000
0
0
8
0
10G7176
0.000000
1.000000
0
0
8
0
73F8958
0.000000
1.000000
0
0
8
0
92F1596
0.000000
1.000000
0
0
8
0
85950MF
3
5
1
2
1.000000
-1 0.000000
85950MFDMD1
0.000000
0
8
-1 110
-1 0.000000
85950MFDMD2
0.000000
0
8
-1 220
-1 0.000000
-1 0.100000
-1 100
-1 0.000000
-1 0.000000
10G4791
0.000000
1.000000
0
0
8
0
10G7176
0.000000
1.000000
0
0
8
0
10G7774
0.000000
1.000000
0
0
8
0
73F8958
0.000000
1.000000
0
0
8
0
92F1596
0.000000
1.000000
0
0
8
0
85950MT
3
6
1
2
1.000000
-1 0.000000
85950MTDMD1
0.000000
0
8
-1 110
0
      35 0 0 0 0 0 0 0 0 
85950MTDMD2
0.000000
0
8
-1 220
0
      36 0 0 0 0 0 0 0 0 
-1 0.100000
-1 100
-1 0.000000
-1 0.000000
10G4716
0.000000
1.000000
0
0
8
0
10G4791
0.000000
1.000000
0
0
8
0
10G7176
0.000000
1.000000
0
0
8
0
10G7774
0.000000
1.000000
0
0
8
0
55F5207
0.000000
1.000000
0
0
8
0
92F1596
0.000000
1.000000
0
0
8
0
95560B0
3
1
1
2
1.000000
-1 0.000000
95560B0DMD1
0.000000
0
8
-1 110
-1 0.000000
95560B0DMD2
0.000000
0
8
-1 220
-1 0.000000
-1 0.100000
-1 100
-1 0.000000
-1 0.000000
39G2675
0.000000
1.000000
0
0
8
0
95560B6
3
3
1
2
1.000000
-1 0.000000
95560B6DMD1
0.000000
0
8
-1 95
0
      7299 4166 4167 666 666 667 0 0 0 
95560B6DMD2
0.000000
0
8
-1 205
0
      7299 4167 4167 667 667 667 0 0 0 
-1 0.100000
-1 100
-1 0.000000
-1 0.000000
79F4041
0.000000
1.000000
0
0
8
0
87F4800
0.000000
1.000000
0
0
8
0
95F6036
0.000000
1.000000
0
0
8
0
95560BA
3
3
1
2
1.000000
-1 0.000000
95560BADMD1
0.000000
0
8
-1 102
0
      6327 5000 5000 1000 1000 1000 0 0 0 
95560BADMD2
0.000000
0
8
-1 212
0
      6328 5000 5000 1000 1000 1000 0 0 0 
-1 0.100000
-1 100
-1 0.000000
-1 0.000000
79F4042
0.000000
1.000000
0
0
8
0
87F4800
0.000000
1.000000
0
0
8
0
95F6036
0.000000
1.000000
0
0
8
0
95561BX
3
2
1
2
1.000000
-1 0.000000
95561BXDMD1
0.000000
0
8
-1 110
0
      33 33 33 16 16 17 0 0 0 
95561BXDMD2
0.000000
0
8
-1 220
0
      33 34 34 17 17 17 0 0 0 
-1 0.100000
-1 100
-1 0.000000
-1 0.000000
87F4800
0.000000
1.000000
0
0
8
0
95F6036
0.000000
1.000000
0
0
8
0
95562BX
3
3
1
2
1.000000
-1 0.000000
95562BXDMD1
0.000000
0
8
-1 107
0
      1448 800 800 83 83 83 0 0 0 
95562BXDMD2
0.000000
0
8
-1 217
0
      1449 800 800 83 84 84 0 0 0 
-1 0.100000
-1 100
-1 0.000000
-1 0.000000
74F9410
0.000000
1.000000
0
0
8
0
87F4800
0.000000
1.000000
0
0
8
0
95F6036
0.000000
1.000000
0
0
8
0
95570B0
3
1
1
2
1.000000
-1 0.000000
95570B0DMD1
0.000000
0
8
-1 110
0
      27 0 0 0 0 0 0 0 0 
95570B0DMD2
0.000000
0
8
-1 220
0
      28 0 0 0 0 0 0 0 0 
-1 0.100000
-1 100
-1 0.000000
-1 0.000000
39G2675
0.000000
1.000000
0
0
8
0
95570B6
3
3
1
2
1.000000
-1 0.000000
95570B6DMD1
0.000000
0
8
-1 103
0
      2842 1333 1333 166 166 167 0 0 0 
95570B6DMD2
0.000000
0
8
-1 213
0
      2842 1334 1334 167 167 167 0 0 0 
-1 0.100000
-1 100
-1 0.000000
-1 0.000000
41G3880
0.000000
1.000000
0
0
8
0
79F4041
0.000000
1.000000
0
0
8
0
87F4800
0.000000
1.000000
0
0
8
0
95570BA
3
3
1
2
1.000000
-1 0.000000
95570BADMD1
0.000000
0
8
-1 100
0
      4845 3050 3050 500 500 500 0 0 0 
95570BADMD2
0.000000
0
8
-1 210
0
      4845 3050 3050 500 500 500 0 0 0 
-1 0.100000
-1 100
-1 0.000000
-1 0.000000
41G3880
0.000000
1.000000
0
0
8
0
79F4042
0.000000
1.000000
0
0
8
0
87F4800
0.000000
1.000000
0
0
8
0
95570BF
3
2
1
2
1.000000
-1 0.000000
95570BFDMD1
0.000000
0
8
-1 110
-1 0.000000
95570BFDMD2
0.000000
0
8
-1 220
-1 0.000000
-1 0.100000
-1 100
-1 0.000000
-1 0.000000
39G2675
0.000000
1.000000
0
0
8
0
73F8958
0.000000
1.000000
0
0
8
0
95571BA
3
6
1
2
1.000000
-1 0.000000
95571BADMD1
0.000000
0
8
-1 110
-1 0.000000
95571BADMD2
0.000000
0
8
-1 220
-1 0.000000
-1 0.100000
-1 100
-1 0.000000
-1 0.000000
10G4692
0.000000
1.000000
0
0
8
0
41G3880
0.000000
1.000000
0
0
8
0
79F4042
0.000000
1.000000
0
0
8
0
87F4808
0.000000
1.000000
0
0
8
0
92F1426
0.000000
1.000000
0
0
8
0
95F1255
0.000000
1.000000
0
0
8
0
95572BA
3
6
1
2
1.000000
-1 0.000000
95572BADMD1
0.000000
0
8
-1 110
0
      50 50 50 16 16 17 0 0 0 
95572BADMD2
0.000000
0
8
-1 220
0
      50 50 50 17 17 17 0 0 0 
-1 0.100000
-1 100
-1 0.000000
-1 0.000000
07G8264
0.000000
1.000000
0
0
8
0
39G2675
0.000000
1.000000
0
0
8
0
41G3928
0.000000
1.000000
0
0
8
0
79F4042
0.000000
1.000000
0
0
8
0
92F1426
0.000000
1.000000
0
0
8
0
95F1255
0.000000
1.000000
0
0
8
0
95760N6
3
2
1
2
1.000000
-1 0.000000
95760N6DMD1
0.000000
0
8
-1 110
0
      666 666 667 833 833 833 166 166 167 
95760N6DMD2
0.000000
0
8
-1 220
0
      667 667 667 833 834 834 167 167 167 
-1 0.100000
-1 100
-1 0.000000
-1 0.000000
39G2661
0.000000
1.000000
0
0
8
0
79F4041
0.000000
1.000000
0
0
8
0
95760NA
3
2
1
2
1.000000
-1 0.000000
95760NADMD1
0.000000
0
8
-1 110
0
      1000 1000 1000 1166 1166 1167 333 333 333 
95760NADMD2
0.000000
0
8
-1 220
0
      1000 1000 1000 1167 1167 1167 333 334 334 
-1 0.100000
-1 100
-1 0.000000
-1 0.000000
39G2661
0.000000
1.000000
0
0
8
0
79F4042
0.000000
1.000000
0
0
8
0
95760U0
3
1
1
2
1.000000
-1 0.000000
95760U0DMD1
0.000000
0
8
-1 110
0
      40 0 0 0 0 0 0 0 0 
95760U0DMD2
0.000000
0
8
-1 220
0
      40 0 0 0 0 0 0 0 0 
-1 0.100000
-1 100
-1 0.000000
-1 0.000000
87F4821
0.000000
1.000000
0
0
8
0
95760U6
3
2
1
2
1.000000
-1 0.000000
95760U6DMD1
0.000000
0
8
-1 92
0
      4093 333 333 0 0 0 0 0 0 
95760U6DMD2
0.000000
0
8
-1 202
0
      4093 334 334 0 0 0 0 0 0 
-1 0.100000
-1 100
-1 0.000000
-1 0.000000
79F4041
0.000000
1.000000
0
0
8
0
87F4821
0.000000
1.000000
0
0
8
0
95760UA
3
2
1
2
1.000000
-1 0.000000
95760UADMD1
0.000000
0
8
-1 87
0
      5226 500 500 0 0 0 0 0 0 
95760UADMD2
0.000000
0
8
-1 197
0
      5226 500 500 0 0 0 0 0 0 
-1 0.100000
-1 100
-1 0.000000
-1 0.000000
79F4042
0.000000
1.000000
0
0
8
0
87F4821
0.000000
1.000000
0
0
8
0
9576ARB
3
2
1
2
1.000000
-1 0.000000
9576ARBDMD1
0.000000
0
8
-1 110
-1 0.000000
9576ARBDMD2
0.000000
0
8
-1 220
-1 0.000000
-1 0.100000
-1 100
-1 0.000000
-1 0.000000
17G3176
0.000000
1.000000
0
0
8
0
39G6479
0.000000
1.000000
0
0
8
0
9576BNA
3
1
1
2
1.000000
-1 0.000000
9576BNADMD1
0.000000
0
8
-1 110
-1 0.000000
9576BNADMD2
0.000000
0
8
-1 220
-1 0.000000
-1 0.100000
-1 100
-1 0.000000
-1 0.000000
68G2670
0.000000
1.000000
0
0
8
0
9576BS0
3
1
1
2
1.000000
-1 0.000000
9576BS0DMD1
0.000000
0
8
-1 110
-1 0.000000
9576BS0DMD2
0.000000
0
8
-1 220
-1 0.000000
-1 0.100000
-1 100
-1 0.000000
-1 0.000000
39G6481
0.000000
1.000000
0
0
8
0
9576BSA
3
1
1
2
1.000000
-1 0.000000
9576BSADMD1
0.000000
0
8
-1 110
-1 0.000000
9576BSADMD2
0.000000
0
8
-1 220
-1 0.000000
-1 0.100000
-1 100
-1 0.000000
-1 0.000000
39G6481
0.000000
1.000000
0
0
8
0
95770N0
3
1
1
2
1.000000
-1 0.000000
95770N0DMD1
0.000000
0
8
-1 110
-1 0.000000
95770N0DMD2
0.000000
0
8
-1 220
-1 0.000000
-1 0.100000
-1 100
-1 0.000000
-1 0.000000
39G2661
0.000000
1.000000
0
0
8
0
95770NA
3
2
1
2
1.000000
-1 0.000000
95770NADMD1
0.000000
0
8
-1 89
0
      7723 3450 3450 1833 1833 1833 666 666 667 
95770NADMD2
0.000000
0
8
-1 199
0
      7723 3450 3450 1833 1834 1834 667 667 667 
-1 0.100000
-1 100
-1 0.000000
-1 0.000000
39G2661
0.000000
1.000000
0
0
8
0
79F4042
0.000000
1.000000
0
0
8
0
95770NF
3
2
1
2
1.000000
-1 0.000000
95770NFDMD1
0.000000
0
8
-1 102
0
      3920 2333 2333 1083 1083 1083 0 0 0 
95770NFDMD2
0.000000
0
8
-1 212
0
      3920 2334 2334 1083 1084 1084 0 0 0 
-1 0.100000
-1 100
-1 0.000000
-1 0.000000
39G2661
0.000000
1.000000
0
0
8
0
73F8958
0.000000
1.000000
0
0
8
0
95770UA
3
2
1
2
1.000000
-1 0.000000
95770UADMD1
0.000000
0
8
-1 82
0
      6354 666 667 333 333 333 66 66 67 
95770UADMD2
0.000000
0
8
-1 192
0
      6354 667 667 333 334 334 67 67 67 
-1 0.100000
-1 100
-1 0.000000
-1 0.000000
79F4042
0.000000
1.000000
0
0
8
0
87F4821
0.000000
1.000000
0
0
8
0
95770UF
3
2
1
2
1.000000
-1 0.000000
95770UFDMD1
0.000000
0
8
-1 102
0
      1734 166 167 166 166 167 16 16 17 
95770UFDMD2
0.000000
0
8
-1 212
0
      1735 167 167 167 167 167 17 17 17 
-1 0.100000
-1 100
-1 0.000000
-1 0.000000
73F8958
0.000000
1.000000
0
0
8
0
87F4821
0.000000
1.000000
0
0
8
0
95771NA
3
5
1
2
1.000000
-1 0.000000
95771NADMD1
0.000000
0
8
-1 110
0
      93 16 17 33 33 33 0 0 0 
95771NADMD2
0.000000
0
8
-1 220
0
      93 17 17 33 34 34 0 0 0 
-1 0.100000
-1 100
-1 0.000000
-1 0.000000
39G5693
0.000000
1.000000
0
0
8
0
41G3928
0.000000
1.000000
0
0
8
0
79F4042
0.000000
1.000000
0
0
8
0
92F1426
0.000000
1.000000
0
0
8
0
95F1255
0.000000
1.000000
0
0
8
0
95771UA
3
5
1
2
1.000000
-1 0.000000
95771UADMD1
0.000000
0
8
-1 110
0
      78 33 33 50 50 50 0 0 0 
95771UADMD2
0.000000
0
8
-1 220
0
      78 34 34 50 50 50 0 0 0 
-1 0.100000
-1 100
-1 0.000000
-1 0.000000
39G5689
0.000000
1.000000
0
0
8
0
41G3928
0.000000
1.000000
0
0
8
0
79F4042
0.000000
1.000000
0
0
8
0
92F1426
0.000000
1.000000
0
0
8
0
95F1255
0.000000
1.000000
0
0
8
0
95775R0
3
1
1
2
1.000000
-1 0.000000
95775R0DMD1
0.000000
0
8
-1 110
-1 0.000000
95775R0DMD2
0.000000
0
8
-1 220
-1 0.000000
-1 0.100000
-1 100
-1 0.000000
-1 0.000000
68G2669
0.000000
1.000000
0
0
8
0
95776N0
3
2
1
2
1.000000
-1 0.000000
95776N0DMD1
0.000000
0
8
-1 110
-1 0.000000
95776N0DMD2
0.000000
0
8
-1 220
-1 0.000000
-1 0.100000
-1 100
-1 0.000000
-1 0.000000
41G3928
0.000000
1.000000
0
0
8
0
68G2669
0.000000
1.000000
0
0
8
0
9577ARB
3
1
1
2
1.000000
-1 0.000000
9577ARBDMD1
0.000000
0
8
-1 110
-1 0.000000
9577ARBDMD2
0.000000
0
8
-1 220
-1 0.000000
-1 0.100000
-1 100
-1 0.000000
-1 0.000000
39G6479
0.000000
1.000000
0
0
8
0
9577BNA
3
2
1
2
1.000000
-1 0.000000
9577BNADMD1
0.000000
0
8
-1 110
-1 0.000000
9577BNADMD2
0.000000
0
8
-1 220
-1 0.000000
-1 0.100000
-1 100
-1 0.000000
-1 0.000000
68G2670
0.000000
1.000000
0
0
8
0
79F4042
0.000000
1.000000
0
0
8
0
9577BS0
3
1
1
2
1.000000
-1 0.000000
9577BS0DMD1
0.000000
0
8
-1 110
-1 0.000000
9577BS0DMD2
0.000000
0
8
-1 220
-1 0.000000
-1 0.100000
-1 100
-1 0.000000
-1 0.000000
39G6481
0.000000
1.000000
0
0
8
0
9577BSA
3
2
1
2
1.000000
-1 0.000000
9577BSADMD1
0.000000
0
8
-1 110
-1 0.000000
9577BSADMD2
0.000000
0
8
-1 220
-1 0.000000
-1 0.100000
-1 100
-1 0.000000
-1 0.000000
39G6481
0.000000
1.000000
0
0
8
0
79F4042
0.000000
1.000000
0
0
8
0
9577ZN0
3
1
1
2
1.000000
-1 0.000000
9577ZN0DMD1
0.000000
0
8
-1 110
-1 0.000000
9577ZN0DMD2
0.000000
0
8
-1 220
-1 0.000000
-1 0.100000
-1 100
-1 0.000000
-1 0.000000
68G2669
0.000000
1.000000
0
0
8
0
95850X6
3
4
1
2
1.000000
-1 0.000000
95850X6DMD1
0.000000
0
8
-1 110
0
      333 333 333 166 166 167 166 166 167 
95850X6DMD2
0.000000
0
8
-1 220
0
      333 334 334 167 167 167 167 167 167 
-1 0.100000
-1 100
-1 0.000000
-1 0.000000
39G3297
0.000000
1.000000
0
0
8
0
41G9667
0.000000
1.000000
0
0
8
0
79F4041
0.000000
1.000000
0
0
8
0
92F2613
0.000000
1.000000
0
0
8
0
95850XA
3
4
1
2
1.000000
-1 0.000000
95850XADMD1
0.000000
0
8
-1 110
0
      376 333 333 250 250 250 166 166 167 
95850XADMD2
0.000000
0
8
-1 220
0
      377 334 334 250 250 250 167 167 167 
-1 0.100000
-1 100
-1 0.000000
-1 0.000000
39G3297
0.000000
1.000000
0
0
8
0
41G9667
0.000000
1.000000
0
0
8
0
79F4042
0.000000
1.000000
0
0
8
0
92F2613
0.000000
1.000000
0
0
8
0
95850XF
3
4
1
2
1.000000
-1 0.000000
95850XFDMD1
0.000000
0
8
-1 109
0
      362 166 167 83 83 83 0 0 0 
95850XFDMD2
0.000000
0
8
-1 219
0
      363 167 167 83 84 84 0 0 0 
-1 0.100000
-1 100
-1 0.000000
-1 0.000000
39G3297
0.000000
1.000000
0
0
8
0
41G9667
0.000000
1.000000
0
0
8
0
73F8958
0.000000
1.000000
0
0
8
0
92F2613
0.000000
1.000000
0
0
8
0
95950LF
3
5
1
2
1.000000
-1 0.000000
95950LFDMD1
0.000000
0
8
-1 106
0
      1505 666 667 0 0 0 0 0 0 
95950LFDMD2
0.000000
0
8
-1 216
0
      1505 667 667 0 0 0 0 0 0 
-1 0.100000
-1 100
-1 0.000000
-1 0.000000
04G3888
0.000000
1.000000
0
0
8
0
06G7007
0.000000
1.000000
0
0
8
0
10G7176
0.000000
1.000000
0
0
8
0
73F8958
0.000000
1.000000
0
0
8
0
92F1596
0.000000
1.000000
0
0
8
0
95950MF
3
5
1
2
1.000000
-1 0.000000
95950MFDMD1
0.000000
0
8
-1 109
0
      248 83 83 83 83 83 0 0 0 
95950MFDMD2
0.000000
0
8
-1 219
0
      249 84 84 83 84 84 0 0 0 
-1 0.100000
-1 100
-1 0.000000
-1 0.000000
10G4791
0.000000
1.000000
0
0
8
0
10G7176
0.000000
1.000000
0
0
8
0
73F8958
0.000000
1.000000
0
0
8
0
91F7538
0.000000
1.000000
0
0
8
0
92F1596
0.000000
1.000000
0
0
8
0
95950MT
3
5
1
2
1.000000
-1 0.000000
95950MTDMD1
0.000000
0
8
-1 108
0
      500 166 167 166 166 167 166 166 167 
95950MTDMD2
0.000000
0
8
-1 218
0
      501 167 167 167 167 167 167 167 167 
-1 0.100000
-1 100
-1 0.000000
-1 0.000000
10G4791
0.000000
1.000000
0
0
8
0
10G7176
0.000000
1.000000
0
0
8
0
55F5207
0.000000
1.000000
0
0
8
0
91F7538
0.000000
1.000000
0
0
8
0
92F1596
0.000000
1.000000
0
0
8
0
AWXLK00
3
1
1
2
1.000000
-1 0.000000
AWXLK00DMD1
0.000000
0
8
-1 110
0
      0 0 0 166 166 167 250 250 250 
AWXLK00DMD2
0.000000
0
8
-1 220
0
      0 0 0 167 167 167 250 250 250 
-1 0.100000
-1 100
-1 0.000000
-1 0.000000
52G7668
0.000000
1.000000
0
0
8
0
AWXSK00
3
1
1
2
1.000000
-1 0.000000
AWXSK00DMD1
0.000000
0
8
-1 110
0
      0 0 0 333 333 333 333 333 333 
AWXSK00DMD2
0.000000
0
8
-1 220
0
      0 0 0 333 334 334 333 334 334 
-1 0.100000
-1 100
-1 0.000000
-1 0.000000
52G7668
0.000000
1.000000
0
0
8
0
AWXSK51
3
1
1
2
1.000000
-1 0.000000
AWXSK51DMD1
0.000000
0
8
-1 110
0
      0 0 0 166 166 167 333 333 333 
AWXSK51DMD2
0.000000
0
8
-1 220
0
      0 0 0 167 167 167 333 334 334 
-1 0.100000
-1 100
-1 0.000000
-1 0.000000
52G7669
0.000000
1.000000
0
0
8
0
DTXLF30
3
2
1
2
1.000000
-1 0.000000
DTXLF30DMD1
0.000000
0
8
-1 110
0
      0 0 0 1366 1366 1367 1700 1700 1700 
DTXLF30DMD2
0.000000
0
8
-1 220
0
      0 0 0 1367 1367 1367 1700 1700 1700 
-1 0.100000
-1 100
-1 0.000000
-1 0.000000
17G3176
0.000000
1.000000
0
0
8
0
53G2454
0.000000
1.000000
0
0
8
0
DTXLF50
3
1
1
2
1.000000
-1 0.000000
DTXLF50DMD1
0.000000
0
8
-1 110
0
      0 0 0 583 583 583 666 666 667 
DTXLF50DMD2
0.000000
0
8
-1 220
0
      0 0 0 583 584 584 667 667 667 
-1 0.100000
-1 100
-1 0.000000
-1 0.000000
53G2454
0.000000
1.000000
0
0
8
0
DTXLF51
3
1
1
2
1.000000
-1 0.000000
DTXLF51DMD1
0.000000
0
8
-1 110
0
      0 0 0 266 266 267 366 366 367 
DTXLF51DMD2
0.000000
0
8
-1 220
0
      0 0 0 267 267 267 367 367 367 
-1 0.100000
-1 100
-1 0.000000
-1 0.000000
53G2455
0.000000
1.000000
0
0
8
0
DTXSF30
3
2
1
2
1.000000
-1 0.000000
DTXSF30DMD1
0.000000
0
8
-1 110
0
      0 0 0 1500 1500 1500 1533 1533 1533 
DTXSF30DMD2
0.000000
0
8
-1 220
0
      0 0 0 1500 1500 1500 1533 1534 1534 
-1 0.100000
-1 100
-1 0.000000
-1 0.000000
17G3176
0.000000
1.000000
0
0
8
0
53G2454
0.000000
1.000000
0
0
8
0
DTXSF51
3
1
1
2
1.000000
-1 0.000000
DTXSF51DMD1
0.000000
0
8
-1 110
0
      0 0 0 283 283 283 366 366 367 
DTXSF51DMD2
0.000000
0
8
-1 220
0
      0 0 0 283 284 284 367 367 367 
-1 0.100000
-1 100
-1 0.000000
-1 0.000000
53G2455
0.000000
1.000000
0
0
8
0
EWSI1BX
3
1
1
2
1.000000
-1 0.000000
EWSI1BXDMD1
0.000000
0
8
-1 110
-1 0.000000
EWSI1BXDMD2
0.000000
0
8
-1 220
-1 0.000000
-1 0.100000
-1 100
-1 0.000000
-1 0.000000
39G6455
0.000000
1.000000
0
0
8
0
EWSI2BX
3
1
1
2
1.000000
-1 0.000000
EWSI2BXDMD1
0.000000
0
8
-1 110
-1 0.000000
EWSI2BXDMD2
0.000000
0
8
-1 220
-1 0.000000
-1 0.100000
-1 100
-1 0.000000
-1 0.000000
39G6455
0.000000
1.000000
0
0
8
0
EWSIGB7
3
1
1
2
1.000000
-1 0.000000
EWSIGB7DMD1
0.000000
0
8
-1 110
-1 0.000000
EWSIGB7DMD2
0.000000
0
8
-1 220
-1 0.000000
-1 0.100000
-1 100
-1 0.000000
-1 0.000000
39G6465
0.000000
1.000000
0
0
8
0
EWSIGBX
3
1
1
2
1.000000
-1 0.000000
EWSIGBXDMD1
0.000000
0
8
-1 110
0
      0 0 0 666 666 667 666 666 667 
EWSIGBXDMD2
0.000000
0
8
-1 220
0
      0 0 0 667 667 667 667 667 667 
-1 0.100000
-1 100
-1 0.000000
-1 0.000000
39G6455
0.000000
1.000000
0
0
8
0
EWSILBX
3
1
1
2
1.000000
-1 0.000000
EWSILBXDMD1
0.000000
0
8
-1 110
0
      0 0 0 166 166 167 166 166 167 
EWSILBXDMD2
0.000000
0
8
-1 220
0
      0 0 0 167 167 167 167 167 167 
-1 0.100000
-1 100
-1 0.000000
-1 0.000000
39G6455
0.000000
1.000000
0
0
8
0
TTXLM01
3
1
1
2
1.000000
-1 0.000000
TTXLM01DMD1
0.000000
0
8
-1 110
0
      0 0 0 1166 1166 1167 833 833 833 
TTXLM01DMD2
0.000000
0
8
-1 220
0
      0 0 0 1167 1167 1167 833 834 834 
-1 0.100000
-1 100
-1 0.000000
-1 0.000000
53G2481
0.000000
1.000000
0
0
8
0
TTXLM71
3
1
1
2
1.000000
-1 0.000000
TTXLM71DMD1
0.000000
0
8
-1 110
0
      0 0 0 1000 1000 1000 1166 1166 1167 
TTXLM71DMD2
0.000000
0
8
-1 220
0
      0 0 0 1000 1000 1000 1167 1167 1167 
-1 0.100000
-1 100
-1 0.000000
-1 0.000000
53G2482
0.000000
1.000000
0
0
8
0
