head     1.1;
branch   1.1.1;
access   ;
symbols  start:1.1.1.1 IBM:1.1.1;
locks    ; strict;
comment  @# @;


1.1
date     2001.02.22.16.46.43;  author fasano;  state Exp;
branches 1.1.1.1;
next     ;

1.1.1.1
date     2001.02.22.16.46.43;  author fasano;  state Exp;
branches ;
next     ;


desc
@@



1.1
log
@Initial revision
@
text
@000K7907         3         7         0         1
002K0490         1         0         0         1
002K4785        30        10         0         1
002K6539         0         0         1         1
002K7007         4         8         0         1
002K7011         0         0         0         1
005K3117         0        20         0         1
005K3132         0         0         0         1
005K3148        10         0         0         1
005K3172         0         0         0      
005K3174         1         0         0         1
005K3176         0         1         0         1
005K3468        20        10         0         1
005K3469         2         1         0         1
005K3597         0         0         1         1
005K4826       160         0         0      
005K4830        20         3         0         3
005K8874        15         3         0         6
005K9267         1         0         0         3
005K9398         3         0         0         8
006H2968         1         0         0         0
006H3862         0         0         0        33
006H4003         3         1         0         7
006H7654         1         0         0         8
006H8419         1         0         0         1
006H8825        20         4         0         1
006H9063         1         0         0         1
006H9064        12         3         0         1
007H0017         1         0         0         1
007H0383         1         0         0         1
007H1150        20        10         0         1
010H4056         2         1         0         1
010L1668         1         0         0         1
010L1700         0         3         0         1
010L1719         1         0         0         1
010L1721         7         2         0         1
010L2047       250         0         0         1
010L2158         0        40         0         1
011H9623         4         0         0         1
011J8912        20         0         0         1
011J9623         1         0         0         1
011J9626        30         0         0         1
011J9992         0         0         0         1
012J0115        20         0         0         1
012J0138         4         0         0         1
012J1446         0         0         0         1
012J1497         2         0         0         1
012J4569       400         0         0         1
012J5554         1         0         0         1
029H9205         4         0         0         1
029H9220         0        20         0         1
029H9221        15         0         0         1
029H9226         0         0         0         1
029H9228         0         0         0         1
029H9230         0        14         0         1
029H9232         0        12         0         1
029H9367         0         1         0         1
030L2898         0         0         0         1
039H6228        20         0         0         1
042H2767         0         0         0         1
042H2768        12         0         0         1
042H2769        12         0         0         1
042H2779        12         0         0         1
042H2817         0         0         0         1
045H8791         0        20         0         1
046H5725         0        15         0         1
046H5735         0         0         0         1
046H5750      1000        22         0         1
046H5751         0         0         0         1
046H5768         7         0         0         1
046H5771        22        13         0         1
046H5775         3         0         0         1
046H5776         6         3         0         1
060H9453         0         3         0         1
066G5069         1         0         0         1
073H6427        13        13         0         1
073H6430         0        23         0         1
073H9933      1000         0         0         1
073H9946         2         0         0         1
073H9951         0         2         0         1
075H7497         0         0         0         1
075H9601         0         0         0         1
076H4609        13        57         0         1
082H8489        11         0         0         1
082H8496        13         0         0         1
082H8875         1         0         0         1
082H8877         0        31         0         1
082H8897         9         0         0         1
083H5375        13         2         0         1
083H5378         2        67         0         1
083H7126         0         3         0         1
085G6701         0         0         0         1
088G4270         5         5         0         1
092G7245         1         0         0         1
092G7294         0         0         0         1
092G7319         0         0         0         1
092G7321         3        16         0         1
092G7323         0        13         0         1
093F2361       270       265         0         1
093H4690        33        12         0         1
093H5966         3         0         0         1
096G3573        13         0         0         1
096G3576        19         0         0         1
097H3388        21         0         0         1
097H5504       200         0         0         1
@


1.1.1.1
log
@Gars
@
text
@@
