head     1.1;
branch   1.1.1;
access   ;
symbols  start:1.1.1.1 IBM:1.1.1;
locks    ; strict;
comment  @# @;


1.1
date     2001.02.22.16.46.43;  author fasano;  state Exp;
branches 1.1.1.1;
next     ;

1.1.1.1
date     2001.02.22.16.46.43;  author fasano;  state Exp;
branches ;
next     ;


desc
@@



1.1
log
@Initial revision
@
text
@ 2635    3AU      52     404      34      29     158     210      76     102      41      13      14       5
 2635    5AU      43     218     142     152     493     203      42     766       8      16      41       0
 2635    6AU      49     138      22      46    1957      41      33    1389     200      98    2638     141
 2640    40U     133     134      49     121     140      58      75     138      49      23      14       1
 2645    41U      30     226      65       7      97       7      19      53     209      31     116      59
 2645    42U     143       0       0      17       0       0       0       0       0       0       0       0
 2645    51U     949     834     738     573     558      47      36    1860     281     399     520     446
 6576    35H       0       5       6       0     199       0       0       0       0       0       0       0
 6586    79H       5       4       8      90      82     508      65     214     178       9       0       0
 6587    KBT     134      38      15      48     102       1       0      18       9       3      30       0
 6587    7AT       3       1      10       2       0       0       1    1435      16      42      11      32
 6587    79T       0      44       2       0       2       0       0       0       0     344     187     324
 6587    9BT     149     263     147      54       8       1       6       0       4       5       0       0
 6875    45H     127      48       0       0       0       0       0       0       0       0       0       5
 6887    YFE       4       0       0       0       0       0       0       4      28      40     208      67
 9546    U9A      30      49      86      47      14       1       0       1      19       2       0       1
 9546    U9B      45      27      13      22       3       0       6       0       4      55       4       8
 9546    U9E     290     573     316      99     141      26      94      28     197       1       4       0
 9547    U4G      55      62      50      23      11       1       3       1       1       0       1       0
 9547    U9C     407     991      96     176     478     202     110     327      88      74      43      25@


1.1.1.1
log
@Gars
@
text
@@
