head	1.1;
access;
symbols;
locks; strict;
comment	@# @;


1.1
date	2001.06.08.16.24.52;	author fasano;	state Exp;
branches;
next	;


desc
@@


1.1
log
@Adding new data files
@
text
@001K1117  39.375  25.813  19.687
001K1140  23.706  12.755  11.853
001K1141  45.495  30.913  22.747
001K1146  46.793  31.994  23.396
002K0486 126.093  66.437  63.046
002K1123    26.5   7.361   13.25
002K1127  51.201  13.667    25.6
002K1146   100.4  69.407    50.2
002K3414  40.571  15.809  20.286
002K6509  43.326  12.326  21.663
002K6539  62.212   16.59  31.106
002K6546       0       0       0
002K6555  18.232     2.9   9.116
002K6557  12.492    3.47   6.246
002K7007  19.194   5.524   9.597
002K7011    49.5   27.25   24.75
002K7019 104.684   6.076  52.342
003N2499 354.989 226.824 177.494
005J52371180.267 750.556 590.134
005K3112 217.391 161.909 108.695
005K3117 208.841 145.035 104.421
005K3132  37.225   2.021  18.612
005K3468  25.591  13.123  12.796
005K3469      18       5       9
005K3594 513.571 353.975 256.785
005K4830  11.595   3.092   5.797
005K8874  29.016    5.18  14.508
005K9248  86.868      23  43.434
005K9267   49.25  26.041  24.625
005K9305 766.648 159.981 383.324
005K9370 331.443      69 165.722
005K9372 331.443      75 165.722
005K9398   376.2   244.5   188.1
006H3862  26.208    7.28  13.104
006H9064  36.006  10.002  18.003
007H0383  34.767   9.658  17.384
007H0849  16.505   4.401   8.253
007H1132     126   90.74      63
007L5487   265.5  171.25  132.75
008K3429  24.155   0.129  12.078
009L4064   427.5  260.25  213.75
010L1230 370.478 279.732 185.239
010L1260 236.918  59.337 118.459
010L1335  14.069   3.741   7.034
010L1350   9.149   2.436   4.575
010L1354 242.817  67.449 121.409
010L1384 134.298    36.5  67.149
010L1719   9.637    1.34   4.819
010L1721 637.526 466.271 318.763
010L2158  53.676   14.91  26.838
011J9991  21.855   4.212  10.927
012J0408 155.542 100.618  77.771
012J0409  327.21 227.675 163.605
012J0410  81.721  34.101   40.86
012J0412 272.025 187.688 136.013
012J0425  35.545  10.621  17.772
012J0427 166.499    44.4   83.25
012J0445  12.807   3.558   6.404
012J3123  59.997  15.999  29.998
012J3141 152.044  88.204  76.022
012J3143 101.973  69.977  50.986
012J3521  69.851  35.209  34.925
012J5109    33.3    9.25   16.65
012P4064  46.332   6.299  23.166
013H8923 526.086 398.905 263.043
019H0289  98.503  75.086  49.252
020L0242  21.411  10.842  10.706
022L0016  92.035  60.006  46.017
022L0059  97.456  25.988  48.728
022L0060  97.766  26.071  48.883
022L0069     180  135.74      90
022L0071  97.128   66.68  48.564
025F8384 142.275  65.812  71.137
027L3577  55.174  14.713  27.587
027L3581  64.622  17.951  32.311
027L3711 104.311  63.926  52.155
027L3992 139.585  79.098  69.792
028L1593   151.2   40.32    75.6
028L1641  30.651   3.193  15.326
029H9232  97.812   27.17  48.906
030L2147 591.564  418.97 295.782
030L2527 589.896  422.58 294.948
030L2804 353.079      56  176.54
030L2875 669.595 483.995 334.797
030L2898  425.06 270.217  212.53
030L2901 586.627 404.856 293.314
034H8946 609.049 171.823 304.524
034H89581186.544 326.223 593.272
034H89601185.571 322.259 592.785
036L8811    19.8     5.5     9.9
037L5765 191.302  51.014  95.651
039F8993 116.622  57.185  58.311
039H2221 106.764   42.12  53.382
041H8452  69.032  19.176  34.516
041H8874  56.954  25.461  28.477
042H1860 373.959 272.133  186.98
042H1861 284.643 197.203 142.322
042H2768  15.234   5.695   7.617
042H2769  40.077  26.397  20.038
042H2781   12.41   3.447   6.205
042H2795  23.778   6.605  11.889
042H2819  58.066  41.389  29.033
042H2829  87.786  24.385  43.893
046H5203 278.529 217.848 139.265
046H5206   38.25    10.2  19.125
046H5749  17.024   4.539   8.512
046H5750  37.269   4.057  18.634
046H5751  13.937   3.717   6.968
046H5768  55.808  14.882  27.904
046H5775  27.016   7.204  13.508
048G7170  35.775   8.843  17.888
049G5234 580.563 275.412 290.282
059H48154937.5031449.2152468.751
061H0499  14.456     1.5   7.228
073H9951   45.27  13.741  22.635
074G7007 182.192  50.609  91.096
075H7497 108.806  29.015  54.403
075H7522  44.222  18.333  22.111
075H8991  26.649   7.403  13.325
075H9227    71.1   29.25   35.55
075H9550   8.325   1.273   4.163
076H0472  67.957  18.122  33.979
076H0958 199.142  55.317  99.571
076H0963    18.9    5.25    9.45
076H0964   32.33   8.981  16.165
076H2697 604.107 295.032 302.053
076H4615     180  135.74      90
076H5820  102.15  70.865  51.075
083H7085  80.953  21.588  40.477
083H7090   148.5   41.25   74.25
083H7102     198  63.143      99
086H1888 120.249  51.208  60.125
092F5932 155.289  43.136  77.644
092G7323  22.248   11.54  11.124
092G9611     630     168     315
093F1811  53.469  30.207  26.734
093F2361  10.169   2.825   5.085
093G2974 735.111 404.202 367.555
099F2821  804.79 376.581 402.395
099F9500 295.278  93.194 147.639
099F95021107.351 739.578 553.676
@
